# miniBatchSize= 103  fullBatchSize= 7007  nSamples/MC= 1  pseudoNCounts= 10.0
# nInitialIterationsPerUnit= 0  everyNIterationsPerUnit= 100  maxExtendedIterations= 1
# Interactions (hia, Jijab) are the same for all steps; read from log_Interactions_hJ_4759.txt.gz
#
# TE is calculated in the Ising gauge for comparison.
#
# For <TE>_m and <(TE -<TE>)^2>_m, 97 minibatch ensembles are employed for averaging.
#
# step	L=48	(all randomized sample mean - all randomized sample variance/L)  TE_/L  <TE>/L	all randomized sample mean	all randomized sample variance/L  TE sample variance/L  <(TE-<TE>)^2>/L
0	-4.960906 -4.142368 -3.956693			-0.206652	4.754254 2.596392 2.470734         	A
# step	L=48	(random sample mean - random sample variance)/L  TE_all/L  <TE>/L  <TE>_m/L	random sample mean	random sample variance/L  TE all sample variance/ L  <(TE-<TE>)^2>/L  <(TE-<TE>)^2>_m/L ; <...>_m over max 97 minibatch ensembles
0	-4.138118 -4.124149 -3.956693 -3.956693		-0.178618	3.959499 2.594598 2.470734 2.470734	B
1	-5.070384 -4.138337 -3.937460			-0.202526	4.867858 2.760901 2.598362         	A
1	-4.138118 -4.124149 -3.937460 -3.947076		-0.178618	3.959499 2.594598 2.598362 2.526645	B
2	-5.039029 -4.158823 -3.943613			-0.205330	4.833698 2.522494 2.257966         	A
2	-4.138118 -4.124149 -3.943613 -3.945922		-0.178618	3.959499 2.594598 2.257966 2.429592	B
3	-5.162663 -4.151574 -3.928278			-0.207155	4.955508 3.019248 2.376710         	A
3	-4.138118 -4.124149 -3.928278 -3.941511		-0.178618	3.959499 2.594598 2.376710 2.413365	B
4	-5.051933 -4.120053 -3.933387			-0.203569	4.848364 2.455297 2.640586         	A
4	-4.138118 -4.124149 -3.933387 -3.939886		-0.178618	3.959499 2.594598 2.640586 2.454268	B
5	-5.218132 -4.124998 -3.952428			-0.204876	5.013256 2.827405 2.278666         	A
5	-4.138118 -4.124149 -3.952428 -3.941976		-0.178618	3.959499 2.594598 2.278666 2.422311	B
6	-5.099648 -4.149889 -3.941607			-0.208374	4.891275 2.714072 2.790058         	A
6	-4.138118 -4.124149 -3.941607 -3.941923		-0.178618	3.959499 2.594598 2.790058 2.471045	B
7	-5.117718 -4.152570 -3.918953			-0.206112	4.911606 2.127480 2.208185         	A
7	-4.138118 -4.124149 -3.918953 -3.939052		-0.178618	3.959499 2.594598 2.208185 2.438238	B
8	-5.133786 -4.152171 -3.953081			-0.210311	4.923475 2.363934 1.864593         	A
8	-4.138118 -4.124149 -3.953081 -3.940611		-0.178618	3.959499 2.594598 1.864593 2.373351	B
9	-5.060308 -4.133995 -3.944287			-0.206926	4.853382 1.997403 2.204190         	A
9	-4.138118 -4.124149 -3.944287 -3.940978		-0.178618	3.959499 2.594598 2.204190 2.354335	B
10	-5.106430 -4.148704 -3.914010			-0.206371	4.900058 2.487545 2.011056         	A
10	-4.138118 -4.124149 -3.914010 -3.938527		-0.178618	3.959499 2.594598 2.011056 2.324211	B
11	-5.064798 -4.129702 -3.933871			-0.202978	4.861819 2.505263 1.915429         	A
11	-4.138118 -4.124149 -3.933871 -3.938139		-0.178618	3.959499 2.594598 1.915429 2.288647	B
12	-4.998985 -4.114241 -3.933772			-0.206965	4.792020 2.711788 2.177357         	A
12	-4.138118 -4.124149 -3.933772 -3.937803		-0.178618	3.959499 2.594598 2.177357 2.278518	B
13	-5.038026 -4.093373 -3.909289			-0.206970	4.831056 2.587593 1.682415         	A
13	-4.138118 -4.124149 -3.909289 -3.935766		-0.178618	3.959499 2.594598 1.682415 2.237332	B
14	-5.073158 -4.156766 -3.904892			-0.208460	4.864699 2.429659 2.709626         	A
14	-4.138118 -4.124149 -3.904892 -3.933708		-0.178618	3.959499 2.594598 2.709626 2.269933	B
15	-5.071318 -4.133549 -3.961412			-0.202210	4.869108 2.536250 1.430904         	A
15	-4.138118 -4.124149 -3.961412 -3.935439		-0.178618	3.959499 2.594598 1.430904 2.218753	B
16	-5.095909 -4.119945 -3.925866			-0.206945	4.888964 2.681561 2.197263         	A
16	-4.138118 -4.124149 -3.925866 -3.934876		-0.178618	3.959499 2.594598 2.197263 2.216476	B
17	-5.164460 -4.112639 -3.945890			-0.202065	4.962395 2.350274 1.956950         	A
17	-4.138118 -4.124149 -3.945890 -3.935488		-0.178618	3.959499 2.594598 1.956950 2.201300	B
18	-5.243255 -4.101077 -3.919806			-0.208356	5.034899 2.698788 2.394214         	A
18	-4.138118 -4.124149 -3.919806 -3.934663		-0.178618	3.959499 2.594598 2.394214 2.210823	B
19	-5.166027 -4.114896 -3.947997			-0.207206	4.958821 2.557683 2.445189         	A
19	-4.138118 -4.124149 -3.947997 -3.935329		-0.178618	3.959499 2.594598 2.445189 2.221765	B
20	-5.172507 -4.146552 -3.937415			-0.209376	4.963131 2.513611 2.090171         	A
20	-4.138118 -4.124149 -3.937415 -3.935429		-0.178618	3.959499 2.594598 2.090171 2.214539	B
21	-4.996911 -4.161449 -3.933233			-0.201479	4.795432 2.106727 2.285227         	A
21	-4.138118 -4.124149 -3.933233 -3.935329		-0.178618	3.959499 2.594598 2.285227 2.216754	B
22	-5.104723 -4.125326 -3.878430			-0.209755	4.894967 2.939529 2.611384         	A
22	-4.138118 -4.124149 -3.878430 -3.932855		-0.178618	3.959499 2.594598 2.611384 2.239282	B
23	-5.055423 -4.085062 -3.916352			-0.211174	4.844249 3.228250 2.270865         	A
23	-4.138118 -4.124149 -3.916352 -3.932167		-0.178618	3.959499 2.594598 2.270865 2.240202	B
24	-5.228206 -4.138861 -3.934356			-0.202472	5.025734 3.134439 2.446582         	A
24	-4.138118 -4.124149 -3.934356 -3.932255		-0.178618	3.959499 2.594598 2.446582 2.247518	B
25	-5.149473 -4.119005 -3.950534			-0.206450	4.943023 1.903637 2.185385         	A
25	-4.138118 -4.124149 -3.950534 -3.932958		-0.178618	3.959499 2.594598 2.185385 2.244905	B
26	-5.108681 -4.122718 -3.970661			-0.204369	4.904312 2.122075 2.263683         	A
26	-4.138118 -4.124149 -3.970661 -3.934354		-0.178618	3.959499 2.594598 2.263683 2.247221	B
27	-5.184709 -4.179609 -3.939028			-0.209190	4.975519 2.260838 2.065173         	A
27	-4.138118 -4.124149 -3.939028 -3.934521		-0.178618	3.959499 2.594598 2.065173 2.240036	B
28	-5.177060 -4.130766 -3.963657			-0.206107	4.970952 3.061352 2.845087         	A
28	-4.138118 -4.124149 -3.963657 -3.935526		-0.178618	3.959499 2.594598 2.845087 2.261311	B
29	-5.079101 -4.106450 -3.958062			-0.207088	4.872013 2.813455 3.013999         	A
29	-4.138118 -4.124149 -3.958062 -3.936277		-0.178618	3.959499 2.594598 3.013999 2.286219	B
30	-5.082612 -4.127765 -3.970553			-0.205238	4.877373 2.506665 2.717507         	A
30	-4.138118 -4.124149 -3.970553 -3.937383		-0.178618	3.959499 2.594598 2.717507 2.301046	B
31	-5.099355 -4.089621 -3.940929			-0.206516	4.892839 2.473988 2.634185         	A
31	-4.138118 -4.124149 -3.940929 -3.937494		-0.178618	3.959499 2.594598 2.634185 2.310678	B
32	-4.956052 -4.131111 -3.966387			-0.205517	4.750535 2.449071 2.266242         	A
32	-4.138118 -4.124149 -3.966387 -3.938369		-0.178618	3.959499 2.594598 2.266242 2.309842	B
33	-5.144417 -4.090721 -3.920274			-0.204674	4.939743 2.342161 2.581888         	A
33	-4.138118 -4.124149 -3.920274 -3.937837		-0.178618	3.959499 2.594598 2.581888 2.317557	B
34	-5.181017 -4.075520 -3.959314			-0.203774	4.977243 2.715308 2.490284         	A
34	-4.138118 -4.124149 -3.959314 -3.938451		-0.178618	3.959499 2.594598 2.490284 2.322417	B
35	-5.062388 -4.103856 -3.907345			-0.203348	4.859040 2.657230 2.353779         	A
35	-4.138118 -4.124149 -3.907345 -3.937587		-0.178618	3.959499 2.594598 2.353779 2.323908	B
36	-5.080566 -4.159933 -3.924939			-0.203354	4.877211 2.687327 2.910506         	A
36	-4.138118 -4.124149 -3.924939 -3.937245		-0.178618	3.959499 2.594598 2.910506 2.339205	B
37	-5.023873 -4.106995 -3.929126			-0.207937	4.815937 2.895723 1.917615         	A
37	-4.138118 -4.124149 -3.929126 -3.937031		-0.178618	3.959499 2.594598 1.917615 2.327698	B
38	-5.192806 -4.100850 -3.945155			-0.205481	4.987326 2.938745 2.659982         	A
38	-4.138118 -4.124149 -3.945155 -3.937239		-0.178618	3.959499 2.594598 2.659982 2.335637	B
39	-5.022187 -4.146619 -3.906498			-0.206660	4.815528 2.637734 1.844040         	A
39	-4.138118 -4.124149 -3.906498 -3.936471		-0.178618	3.959499 2.594598 1.844040 2.324003	B
40	-5.051719 -4.147907 -3.918977			-0.209135	4.842584 3.004863 2.527446         	A
40	-4.138118 -4.124149 -3.918977 -3.936044		-0.178618	3.959499 2.594598 2.527446 2.328717	B
41	-5.058803 -4.116065 -3.933974			-0.208263	4.850540 2.691166 2.659192         	A
41	-4.138118 -4.124149 -3.933974 -3.935995		-0.178618	3.959499 2.594598 2.659192 2.335977	B
42	-5.141934 -4.148168 -3.970848			-0.206966	4.934967 2.530449 2.842949         	A
42	-4.138118 -4.124149 -3.970848 -3.936805		-0.178618	3.959499 2.594598 2.842949 2.348453	B
43	-5.050953 -4.112848 -3.878778			-0.201224	4.849730 2.726720 2.086588         	A
43	-4.138118 -4.124149 -3.878778 -3.935487		-0.178618	3.959499 2.594598 2.086588 2.345630	B
44	-5.083353 -4.135031 -3.944864			-0.207938	4.875415 2.606647 2.264668         	A
44	-4.138118 -4.124149 -3.944864 -3.935695		-0.178618	3.959499 2.594598 2.264668 2.343433	B
45	-5.125970 -4.152265 -3.944260			-0.207750	4.918220 2.735972 2.100279         	A
45	-4.138118 -4.124149 -3.944260 -3.935881		-0.178618	3.959499 2.594598 2.100279 2.337778	B
46	-5.122062 -4.132875 -3.906030			-0.203583	4.918479 2.210070 2.056481         	A
46	-4.138118 -4.124149 -3.906030 -3.935246		-0.178618	3.959499 2.594598 2.056481 2.332257	B
47	-5.010014 -4.125915 -3.927493			-0.210746	4.799268 2.677438 2.330768         	A
47	-4.138118 -4.124149 -3.927493 -3.935085		-0.178618	3.959499 2.594598 2.330768 2.331814	B
48	-5.071713 -4.138257 -3.934277			-0.200494	4.871219 2.824709 2.080980         	A
48	-4.138118 -4.124149 -3.934277 -3.935068		-0.178618	3.959499 2.594598 2.080980 2.326282	B
49	-5.044670 -4.093580 -3.932394			-0.206995	4.837676 3.072457 2.164191         	A
49	-4.138118 -4.124149 -3.932394 -3.935015		-0.178618	3.959499 2.594598 2.164191 2.322626	B
50	-5.039486 -4.080150 -3.958305			-0.206921	4.832565 2.606705 1.676631         	A
50	-4.138118 -4.124149 -3.958305 -3.935471		-0.178618	3.959499 2.594598 1.676631 2.310138	B
51	-5.135401 -4.093501 -3.942529			-0.204500	4.930901 2.882631 2.216069         	A
51	-4.138118 -4.124149 -3.942529 -3.935607		-0.178618	3.959499 2.594598 2.216069 2.307960	B
52	-5.033353 -4.103186 -3.921116			-0.205218	4.828135 2.553492 2.237115         	A
52	-4.138118 -4.124149 -3.921116 -3.935334		-0.178618	3.959499 2.594598 2.237115 2.306400	B
53	-5.195972 -4.118463 -3.934571			-0.208806	4.987166 2.206874 1.868262         	A
53	-4.138118 -4.124149 -3.934571 -3.935319		-0.178618	3.959499 2.594598 1.868262 2.297949	B
54	-5.094561 -4.126972 -3.925443			-0.208500	4.886061 2.506503 2.159348         	A
54	-4.138118 -4.124149 -3.925443 -3.935140		-0.178618	3.959499 2.594598 2.159348 2.295131	B
55	-5.093634 -4.092334 -3.919065			-0.205746	4.887888 2.331775 2.084017         	A
55	-4.138118 -4.124149 -3.919065 -3.934853		-0.178618	3.959499 2.594598 2.084017 2.291217	B
56	-5.020738 -4.151803 -3.942038			-0.206046	4.814692 2.106751 2.124311         	A
56	-4.138118 -4.124149 -3.942038 -3.934979		-0.178618	3.959499 2.594598 2.124311 2.287969	B
57	-5.073757 -4.081016 -3.896273			-0.201337	4.872420 2.688400 2.162385         	A
57	-4.138118 -4.124149 -3.896273 -3.934312		-0.178618	3.959499 2.594598 2.162385 2.286660	B
58	-5.061849 -4.126841 -3.942402			-0.205219	4.856630 2.653915 3.106423         	A
58	-4.138118 -4.124149 -3.942402 -3.934449		-0.178618	3.959499 2.594598 3.106423 2.300098	B
59	-5.130153 -4.137092 -3.921741			-0.207787	4.922366 2.557695 2.172796         	A
59	-4.138118 -4.124149 -3.921741 -3.934237		-0.178618	3.959499 2.594598 2.172796 2.297751	B
60	-5.089011 -4.076921 -3.923490			-0.208824	4.880187 2.453994 2.502004         	A
60	-4.138118 -4.124149 -3.923490 -3.934061		-0.178618	3.959499 2.594598 2.502004 2.300791	B
61	-5.026401 -4.142231 -3.948163			-0.206519	4.819882 2.637766 2.561606         	A
61	-4.138118 -4.124149 -3.948163 -3.934288		-0.178618	3.959499 2.594598 2.561606 2.304749	B
62	-5.080461 -4.122937 -3.913339			-0.203337	4.877123 2.145797 1.970819         	A
62	-4.138118 -4.124149 -3.913339 -3.933956		-0.178618	3.959499 2.594598 1.970819 2.299473	B
63	-5.113144 -4.122666 -3.940611			-0.208925	4.904219 2.190893 2.915429         	A
63	-4.138118 -4.124149 -3.940611 -3.934060		-0.178618	3.959499 2.594598 2.915429 2.308689	B
64	-5.133751 -4.115136 -3.949927			-0.208241	4.925510 2.883039 2.327557         	A
64	-4.138118 -4.124149 -3.949927 -3.934304		-0.178618	3.959499 2.594598 2.327557 2.308815	B
65	-5.133325 -4.122950 -3.950604			-0.204322	4.929003 3.209193 2.281296         	A
65	-4.138118 -4.124149 -3.950604 -3.934551		-0.178618	3.959499 2.594598 2.281296 2.308252	B
66	-5.091639 -4.120476 -3.921978			-0.205611	4.886028 2.571550 2.599258         	A
66	-4.138118 -4.124149 -3.921978 -3.934363		-0.178618	3.959499 2.594598 2.599258 2.312331	B
67	-5.034056 -4.106617 -3.893072			-0.205662	4.828393 2.756097 2.121115         	A
67	-4.138118 -4.124149 -3.893072 -3.933738		-0.178618	3.959499 2.594598 2.121115 2.310355	B
68	-5.130343 -4.102468 -3.927349			-0.207485	4.922857 2.498314 2.983220         	A
68	-4.138118 -4.124149 -3.927349 -3.933646		-0.178618	3.959499 2.594598 2.983220 2.319712	B
69	-5.033889 -4.139708 -3.917980			-0.206584	4.827306 2.228277 1.985030         	A
69	-4.138118 -4.124149 -3.917980 -3.933422		-0.178618	3.959499 2.594598 1.985030 2.314823	B
70	-5.078732 -4.085664 -3.944880			-0.204878	4.873853 2.597436 2.661377         	A
70	-4.138118 -4.124149 -3.944880 -3.933583		-0.178618	3.959499 2.594598 2.661377 2.319426	B
71	-5.031301 -4.115948 -3.909933			-0.205227	4.826073 3.079214 2.378294         	A
71	-4.138118 -4.124149 -3.909933 -3.933255		-0.178618	3.959499 2.594598 2.378294 2.320291	B
72	-5.067478 -4.149359 -3.967913			-0.203274	4.864204 2.462654 2.331777         	A
72	-4.138118 -4.124149 -3.967913 -3.933730		-0.178618	3.959499 2.594598 2.331777 2.320917	B
73	-5.007814 -4.115449 -3.936609			-0.208857	4.798957 2.777745 2.922468         	A
73	-4.138118 -4.124149 -3.936609 -3.933769		-0.178618	3.959499 2.594598 2.922468 2.328666	B
74	-5.073477 -4.130905 -3.928239			-0.209131	4.864346 2.809419 2.237498         	A
74	-4.138118 -4.124149 -3.928239 -3.933695		-0.178618	3.959499 2.594598 2.237498 2.327180	B
75	-4.996157 -4.072616 -3.896080			-0.207103	4.789054 1.897733 1.728857         	A
75	-4.138118 -4.124149 -3.896080 -3.933200		-0.178618	3.959499 2.594598 1.728857 2.319970	B
76	-5.193641 -4.108801 -3.904496			-0.203446	4.990195 3.083367 2.284733         	A
76	-4.138118 -4.124149 -3.904496 -3.932828		-0.178618	3.959499 2.594598 2.284733 2.319732	B
77	-5.086420 -4.146301 -3.938174			-0.202111	4.884309 3.222232 2.666724         	A
77	-4.138118 -4.124149 -3.938174 -3.932896		-0.178618	3.959499 2.594598 2.666724 2.323865	B
78	-5.091077 -4.129730 -3.916858			-0.206166	4.884911 1.825847 2.350318         	A
78	-4.138118 -4.124149 -3.916858 -3.932693		-0.178618	3.959499 2.594598 2.350318 2.324065	B
79	-5.085438 -4.118528 -3.917101			-0.207462	4.877975 2.711526 2.301462         	A
79	-4.138118 -4.124149 -3.917101 -3.932498		-0.178618	3.959499 2.594598 2.301462 2.323647	B
80	-5.179769 -4.114371 -3.900665			-0.209211	4.970558 2.402845 2.167486         	A
80	-4.138118 -4.124149 -3.900665 -3.932105		-0.178618	3.959499 2.594598 2.167486 2.322053	B
81	-5.125517 -4.129184 -3.948915			-0.205022	4.920495 2.770978 1.853309         	A
81	-4.138118 -4.124149 -3.948915 -3.932310		-0.178618	3.959499 2.594598 1.853309 2.316282	B
82	-5.120953 -4.093841 -3.892221			-0.204489	4.916465 1.953443 1.821635         	A
82	-4.138118 -4.124149 -3.892221 -3.931827		-0.178618	3.959499 2.594598 1.821635 2.311029	B
83	-5.042730 -4.127779 -3.975158			-0.206479	4.836250 2.652076 2.600743         	A
83	-4.138118 -4.124149 -3.975158 -3.932343		-0.178618	3.959499 2.594598 2.600743 2.315236	B
84	-5.141869 -4.135426 -3.953304			-0.204614	4.937256 3.059258 2.144805         	A
84	-4.138118 -4.124149 -3.953304 -3.932590		-0.178618	3.959499 2.594598 2.144805 2.313232	B
85	-4.985252 -4.134344 -3.894402			-0.207194	4.778059 2.558400 1.930880         	A
85	-4.138118 -4.124149 -3.894402 -3.932146		-0.178618	3.959499 2.594598 1.930880 2.309373	B
86	-5.073286 -4.143429 -3.940160			-0.208066	4.865220 2.400196 2.849296         	A
86	-4.138118 -4.124149 -3.940160 -3.932238		-0.178618	3.959499 2.594598 2.849296 2.315295	B
87	-5.081424 -4.098815 -3.940067			-0.204968	4.876456 2.518428 2.034045         	A
87	-4.138118 -4.124149 -3.940067 -3.932327		-0.178618	3.959499 2.594598 2.034045 2.311908	B
88	-5.065592 -4.103914 -3.960073			-0.203844	4.861748 3.029634 2.578953         	A
88	-4.138118 -4.124149 -3.960073 -3.932638		-0.178618	3.959499 2.594598 2.578953 2.315037	B
89	-5.147910 -4.095715 -3.961641			-0.207144	4.940767 2.685363 2.449078         	A
89	-4.138118 -4.124149 -3.961641 -3.932961		-0.178618	3.959499 2.594598 2.449078 2.316706	B
90	-5.095010 -4.154197 -3.957030			-0.204596	4.890414 2.856105 2.705216         	A
90	-4.138118 -4.124149 -3.957030 -3.933225		-0.178618	3.959499 2.594598 2.705216 2.320988	B
91	-5.083670 -4.073560 -3.906172			-0.208525	4.875145 2.793577 2.533624         	A
91	-4.138118 -4.124149 -3.906172 -3.932931		-0.178618	3.959499 2.594598 2.533624 2.323409	B
92	-5.125059 -4.123301 -3.931882			-0.206427	4.918631 2.294841 2.330472         	A
92	-4.138118 -4.124149 -3.931882 -3.932920		-0.178618	3.959499 2.594598 2.330472 2.323242	B
93	-5.063380 -4.150328 -3.955611			-0.207751	4.855629 2.613982 2.588222         	A
93	-4.138118 -4.124149 -3.955611 -3.933161		-0.178618	3.959499 2.594598 2.588222 2.326053	B
94	-5.016292 -4.187617 -3.938537			-0.208855	4.807437 2.036733 2.314649         	A
94	-4.138118 -4.124149 -3.938537 -3.933218		-0.178618	3.959499 2.594598 2.314649 2.325711	B
95	-5.073790 -4.099861 -3.906894			-0.209326	4.864464 2.843288 3.377627         	A
95	-4.138118 -4.124149 -3.906894 -3.932944		-0.178618	3.959499 2.594598 3.377627 2.336668	B
96	-4.991210 -4.124108 -3.927949			-0.202662	4.788549 2.584782 2.278950         	A
96	-4.138118 -4.124149 -3.927949 -3.932892		-0.178618	3.959499 2.594598 2.278950 2.335857	B
97	-5.092110 -4.152244 -3.917352			-0.204692	4.887417 2.516148 2.471502         	A
97	-4.138118 -4.124149 -3.917352 -3.932734		-0.178618	3.959499 2.594598 2.471502 2.337113	B
98	-4.992398 -4.138994 -3.919359			-0.207895	4.784503 1.971019 2.613724         	A
98	-4.138118 -4.124149 -3.919359 -3.932353		-0.178618	3.959499 2.594598 2.613724 2.338357	B
99	-5.095120 -4.190715 -3.925253			-0.208126	4.886994 2.282589 3.004605         	A
99	-4.138118 -4.124149 -3.925253 -3.932228		-0.178618	3.959499 2.594598 3.004605 2.342473	B
100	-5.012973 -4.105357 -3.933034			-0.203092	4.809881 3.338886 2.377532         	A
100	-4.138118 -4.124149 -3.933034 -3.932120		-0.178618	3.959499 2.594598 2.377532 2.343617	B
101	-5.107848 -4.080492 -3.936954			-0.203869	4.903979 2.407988 2.147576         	A
101	-4.138118 -4.124149 -3.936954 -3.932209		-0.178618	3.959499 2.594598 2.147576 2.341306	B
102	-5.133771 -4.079240 -3.901415			-0.208900	4.924871 2.612525 1.950168         	A
102	-4.138118 -4.124149 -3.901415 -3.931883		-0.178618	3.959499 2.594598 1.950168 2.334789	B
103	-5.148731 -4.141896 -3.950151			-0.205246	4.943485 3.123728 1.961846         	A
103	-4.138118 -4.124149 -3.950151 -3.931859		-0.178618	3.959499 2.594598 1.961846 2.331545	B
104	-4.976608 -4.135116 -3.946105			-0.206296	4.770312 2.481076 2.171027         	A
104	-4.138118 -4.124149 -3.946105 -3.931905		-0.178618	3.959499 2.594598 2.171027 2.325344	B
105	-5.168369 -4.121132 -3.936824			-0.209218	4.959151 2.046011 2.279295         	A
105	-4.138118 -4.124149 -3.936824 -3.932088		-0.178618	3.959499 2.594598 2.279295 2.325990	B
106	-5.092407 -4.098459 -3.961766			-0.205062	4.887345 2.629121 2.369407         	A
106	-4.138118 -4.124149 -3.961766 -3.932176		-0.178618	3.959499 2.594598 2.369407 2.331306	B
107	-5.113956 -4.133027 -3.985241			-0.204918	4.909038 2.754678 2.955961         	A
107	-4.138118 -4.124149 -3.985241 -3.932594		-0.178618	3.959499 2.594598 2.955961 2.340199	B
108	-5.042369 -4.133618 -3.925545			-0.206658	4.835710 2.484841 1.823711         	A
108	-4.138118 -4.124149 -3.925545 -3.932712		-0.178618	3.959499 2.594598 1.823711 2.338161	B
109	-5.204235 -4.126628 -3.930664			-0.203630	5.000605 2.387271 2.463311         	A
109	-4.138118 -4.124149 -3.930664 -3.932679		-0.178618	3.959499 2.594598 2.463311 2.343698	B
110	-4.996503 -4.154308 -3.905792			-0.205064	4.791439 2.352210 2.500186         	A
110	-4.138118 -4.124149 -3.905792 -3.932393		-0.178618	3.959499 2.594598 2.500186 2.347309	B
111	-5.050753 -4.107317 -3.899862			-0.206678	4.844075 2.741207 2.229238         	A
111	-4.138118 -4.124149 -3.899862 -3.932297		-0.178618	3.959499 2.594598 2.229238 2.353090	B
112	-5.096379 -4.180029 -3.946142			-0.206404	4.889975 2.602591 2.706729         	A
112	-4.138118 -4.124149 -3.946142 -3.932718		-0.178618	3.959499 2.594598 2.706729 2.352778	B
113	-5.113418 -4.124597 -3.952398			-0.206504	4.906915 2.348742 2.426416         	A
113	-4.138118 -4.124149 -3.952398 -3.932626		-0.178618	3.959499 2.594598 2.426416 2.362622	B
114	-5.054780 -4.115540 -3.914356			-0.204453	4.850327 2.802831 2.777939         	A
114	-4.138118 -4.124149 -3.914356 -3.932509		-0.178618	3.959499 2.594598 2.777939 2.368629	B
115	-5.076185 -4.148357 -3.940733			-0.208093	4.868092 2.786631 2.876188         	A
115	-4.138118 -4.124149 -3.940733 -3.932456		-0.178618	3.959499 2.594598 2.876188 2.377861	B
116	-5.195817 -4.147547 -3.931172			-0.205098	4.990719 2.468628 2.861656         	A
116	-4.138118 -4.124149 -3.931172 -3.932572		-0.178618	3.959499 2.594598 2.861656 2.382506	B
117	-5.032967 -4.169268 -3.990860			-0.204455	4.828512 2.588547 3.467313         	A
117	-4.138118 -4.124149 -3.990860 -3.933009		-0.178618	3.959499 2.594598 3.467313 2.394370	B
118	-5.217769 -4.099157 -3.944381			-0.207947	5.009823 2.296722 2.250207         	A
118	-4.138118 -4.124149 -3.944381 -3.933080		-0.178618	3.959499 2.594598 2.250207 2.396041	B
119	-5.052951 -4.095960 -3.869524			-0.205248	4.847703 3.026639 2.323700         	A
119	-4.138118 -4.124149 -3.869524 -3.932431		-0.178618	3.959499 2.594598 2.323700 2.398387	B
120	-5.022647 -4.130857 -3.941663			-0.204774	4.817872 2.523507 2.120834         	A
120	-4.138118 -4.124149 -3.941663 -3.933076		-0.178618	3.959499 2.594598 2.120834 2.392025	B
121	-5.124504 -4.120237 -3.917857			-0.208299	4.916205 3.299828 1.937474         	A
121	-4.138118 -4.124149 -3.917857 -3.933091		-0.178618	3.959499 2.594598 1.937474 2.388633	B
122	-4.946759 -4.167050 -3.934424			-0.209472	4.737287 2.788460 2.657829         	A
122	-4.138118 -4.124149 -3.934424 -3.933092		-0.178618	3.959499 2.594598 2.657829 2.390767	B
123	-5.053810 -4.104725 -3.977262			-0.210248	4.843562 2.415452 2.477943         	A
123	-4.138118 -4.124149 -3.977262 -3.933364		-0.178618	3.959499 2.594598 2.477943 2.394526	B
124	-5.149702 -4.114012 -3.948814			-0.211925	4.937777 2.740315 1.969826         	A
124	-4.138118 -4.124149 -3.948814 -3.933141		-0.178618	3.959499 2.594598 1.969826 2.390990	B
125	-5.161235 -4.082961 -3.911767			-0.206167	4.955068 2.979638 2.430129         	A
125	-4.138118 -4.124149 -3.911767 -3.932863		-0.178618	3.959499 2.594598 2.430129 2.394881	B
126	-5.158000 -4.101604 -3.889752			-0.203832	4.954167 2.764208 2.843682         	A
126	-4.138118 -4.124149 -3.889752 -3.932109		-0.178618	3.959499 2.594598 2.843682 2.395285	B
127	-5.168654 -4.154198 -3.935696			-0.207619	4.961034 2.337091 2.104637         	A
127	-4.138118 -4.124149 -3.935696 -3.931881		-0.178618	3.959499 2.594598 2.104637 2.385772	B
128	-4.963171 -4.085785 -3.950580			-0.207236	4.755935 2.474896 2.592891         	A
128	-4.138118 -4.124149 -3.950580 -3.931677		-0.178618	3.959499 2.594598 2.592891 2.383950	B
129	-5.062935 -4.098366 -3.926450			-0.210857	4.852079 1.895964 1.729418         	A
129	-4.138118 -4.124149 -3.926450 -3.931530		-0.178618	3.959499 2.594598 1.729418 2.374779	B
130	-5.105161 -4.152230 -3.929272			-0.207480	4.897681 2.397377 2.465378         	A
130	-4.138118 -4.124149 -3.929272 -3.931151		-0.178618	3.959499 2.594598 2.465378 2.376192	B
131	-5.057584 -4.117391 -3.914055			-0.205608	4.851976 2.162709 2.308708         	A
131	-4.138118 -4.124149 -3.914055 -3.931088		-0.178618	3.959499 2.594598 2.308708 2.373517	B
132	-5.023280 -4.148676 -3.910932			-0.206590	4.816691 2.923507 2.449387         	A
132	-4.138118 -4.124149 -3.910932 -3.930594		-0.178618	3.959499 2.594598 2.449387 2.372901	B
133	-5.097324 -4.124142 -3.947061			-0.204493	4.892831 3.113618 2.340745         	A
133	-4.138118 -4.124149 -3.947061 -3.930999		-0.178618	3.959499 2.594598 2.340745 2.372629	B
134	-5.087083 -4.129842 -3.962276			-0.204557	4.882527 2.240130 2.028290         	A
134	-4.138118 -4.124149 -3.962276 -3.931380		-0.178618	3.959499 2.594598 2.028290 2.364170	B
135	-5.042755 -4.125763 -3.926345			-0.203092	4.839663 2.468106 2.426977         	A
135	-4.138118 -4.124149 -3.926345 -3.931350		-0.178618	3.959499 2.594598 2.426977 2.369344	B
