# n_units: 97  n_states_of_unit: 21  State_Order_String: ARNDCQEGHILKMFPSTWYV-
Pi 0 0 0.00000
Pi 0 1 0.00000
Pi 0 2 0.00000
Pi 0 3 0.00000
Pi 0 4 0.00000
Pi 0 5 0.000423704
Pi 0 6 0.00000
Pi 0 7 0.00000
Pi 0 8 0.00000
Pi 0 9 0.00000
Pi 0 10 0.00000
Pi 0 11 0.000213962
Pi 0 12 0.00000
Pi 0 13 0.00000
Pi 0 14 0.00000
Pi 0 15 0.00000
Pi 0 16 0.00000
Pi 0 17 0.00000
Pi 0 18 0.00000
Pi 0 19 0.00000
Pi 0 20 0.999362
Pi 1 0 0.000180418
Pi 1 1 0.00140940
Pi 1 2 0.00332549
Pi 1 3 0.0205313
Pi 1 4 0.00000
Pi 1 5 0.0133524
Pi 1 6 0.0161271
Pi 1 7 0.00000
Pi 1 8 0.00446741
Pi 1 9 0.00000
Pi 1 10 0.00000
Pi 1 11 0.0132817
Pi 1 12 0.00000
Pi 1 13 0.00000
Pi 1 14 0.00828053
Pi 1 15 0.00600739
Pi 1 16 0.00577958
Pi 1 17 0.00694197
Pi 1 18 0.00000
Pi 1 19 0.00000
Pi 1 20 0.900315
Pi 2 0 0.0107114
Pi 2 1 0.00274836
Pi 2 2 0.00389817
Pi 2 3 0.00345443
Pi 2 4 0.000471999
Pi 2 5 0.00452895
Pi 2 6 0.00791397
Pi 2 7 0.000399153
Pi 2 8 0.00400099
Pi 2 9 0.0395494
Pi 2 10 0.127118
Pi 2 11 0.00985866
Pi 2 12 0.00728344
Pi 2 13 0.00244732
Pi 2 14 0.00698403
Pi 2 15 0.0119774
Pi 2 16 0.0149585
Pi 2 17 3.60232e-06
Pi 2 18 0.00822147
Pi 2 19 0.0239869
Pi 2 20 0.709484
Pi 3 0 0.00844591
Pi 3 1 0.0136811
Pi 3 2 0.0435334
Pi 3 3 0.0111961
Pi 3 4 7.87379e-05
Pi 3 5 0.0109943
Pi 3 6 0.0148486
Pi 3 7 0.0414308
Pi 3 8 0.0114137
Pi 3 9 0.000154052
Pi 3 10 0.000539841
Pi 3 11 0.0243220
Pi 3 12 0.000180696
Pi 3 13 0.00203766
Pi 3 14 0.0800519
Pi 3 15 0.139335
Pi 3 16 0.0722816
Pi 3 17 0.00238239
Pi 3 18 0.00405656
Pi 3 19 0.00124609
Pi 3 20 0.517790
Pi 4 0 0.0681402
Pi 4 1 0.00104348
Pi 4 2 0.0175661
Pi 4 3 0.000278741
Pi 4 4 0.000522784
Pi 4 5 0.00231662
Pi 4 6 2.56754e-05
Pi 4 7 0.00498526
Pi 4 8 0.00609300
Pi 4 9 0.0377701
Pi 4 10 0.0774232
Pi 4 11 0.00245334
Pi 4 12 0.0171465
Pi 4 13 0.0791885
Pi 4 14 0.104906
Pi 4 15 0.0342551
Pi 4 16 0.0592140
Pi 4 17 0.0158312
Pi 4 18 0.0165299
Pi 4 19 0.0621604
Pi 4 20 0.392150
Pi 5 0 0.0815906
Pi 5 1 0.00585095
Pi 5 2 0.00190992
Pi 5 3 4.47431e-05
Pi 5 4 0.00248461
Pi 5 5 0.0119052
Pi 5 6 0.000612695
Pi 5 7 0.0432193
Pi 5 8 0.00830118
Pi 5 9 0.0459992
Pi 5 10 0.145017
Pi 5 11 0.00314924
Pi 5 12 0.0203805
Pi 5 13 0.0534281
Pi 5 14 0.0334854
Pi 5 15 0.0353198
Pi 5 16 0.0417534
Pi 5 17 0.0731597
Pi 5 18 0.0329124
Pi 5 19 0.0693485
Pi 5 20 0.290128
Pi 6 0 0.0849587
Pi 6 1 0.0621850
Pi 6 2 0.0262213
Pi 6 3 0.0251931
Pi 6 4 0.00636195
Pi 6 5 0.0781129
Pi 6 6 0.0767321
Pi 6 7 0.0381295
Pi 6 8 0.0165367
Pi 6 9 0.0374657
Pi 6 10 0.0340505
Pi 6 11 0.0729466
Pi 6 12 0.0104793
Pi 6 13 0.00335653
Pi 6 14 0.00795730
Pi 6 15 0.0484282
Pi 6 16 0.0569333
Pi 6 17 0.00331903
Pi 6 18 0.0135385
Pi 6 19 0.0779115
Pi 6 20 0.219182
Pi 7 0 0.0404344
Pi 7 1 0.0537982
Pi 7 2 0.0770273
Pi 7 3 0.0509487
Pi 7 4 0.00931375
Pi 7 5 0.0340433
Pi 7 6 0.0423138
Pi 7 7 0.0197331
Pi 7 8 0.117293
Pi 7 9 0.0214322
Pi 7 10 0.0448707
Pi 7 11 0.0510541
Pi 7 12 0.00798705
Pi 7 13 0.00977718
Pi 7 14 0.0238754
Pi 7 15 0.103597
Pi 7 16 0.0610539
Pi 7 17 0.00126048
Pi 7 18 0.0404677
Pi 7 19 0.0308144
Pi 7 20 0.158905
Pi 8 0 0.113820
Pi 8 1 0.000299546
Pi 8 2 0.000192294
Pi 8 3 2.56754e-06
Pi 8 4 0.0133904
Pi 8 5 0.000446507
Pi 8 6 0.000585581
Pi 8 7 0.0265454
Pi 8 8 0.000244772
Pi 8 9 0.0667468
Pi 8 10 0.242088
Pi 8 11 0.000186147
Pi 8 12 0.0641962
Pi 8 13 0.230168
Pi 8 14 0.00138800
Pi 8 15 0.0228946
Pi 8 16 0.0210109
Pi 8 17 0.0122649
Pi 8 18 0.0153117
Pi 8 19 0.0595241
Pi 8 20 0.108694
Pi 9 0 0.129000
Pi 9 1 0.00113426
Pi 9 2 0.00166140
Pi 9 3 5.13508e-05
Pi 9 4 0.0176365
Pi 9 5 0.00163297
Pi 9 6 0.000275646
Pi 9 7 0.0356362
Pi 9 8 0.000212739
Pi 9 9 0.138633
Pi 9 10 0.239510
Pi 9 11 0.00181317
Pi 9 12 0.0311501
Pi 9 13 0.0572808
Pi 9 14 0.00172025
Pi 9 15 0.0297413
Pi 9 16 0.0502686
Pi 9 17 0.0132814
Pi 9 18 0.00770900
Pi 9 19 0.153876
Pi 9 20 0.0877752
Pi 10 0 0.433857
Pi 10 1 0.00137823
Pi 10 2 0.00822727
Pi 10 3 0.000760277
Pi 10 4 0.0817044
Pi 10 5 0.000568656
Pi 10 6 0.00124089
Pi 10 7 0.0344229
Pi 10 8 0.000517355
Pi 10 9 0.0361493
Pi 10 10 0.0518572
Pi 10 11 0.000913919
Pi 10 12 0.0124616
Pi 10 13 0.0264251
Pi 10 14 0.00108784
Pi 10 15 0.170035
Pi 10 16 0.0239386
Pi 10 17 0.00174360
Pi 10 18 0.0103959
Pi 10 19 0.0239907
Pi 10 20 0.0783246
Pi 11 0 0.117217
Pi 11 1 0.000125422
Pi 11 2 0.000984406
Pi 11 3 0.000517066
Pi 11 4 0.000758800
Pi 11 5 0.000256754
Pi 11 6 0.000172802
Pi 11 7 0.689337
Pi 11 8 0.000573417
Pi 11 9 0.000254328
Pi 11 10 0.000810126
Pi 11 11 5.31215e-05
Pi 11 12 0.000361595
Pi 11 13 0.000172774
Pi 11 14 0.000326618
Pi 11 15 0.107220
Pi 11 16 0.00554676
Pi 11 17 0.000185151
Pi 11 18 0.000233054
Pi 11 19 0.00120196
Pi 11 20 0.0736919
Pi 12 0 0.292966
Pi 12 1 0.000285176
Pi 12 2 0.00136202
Pi 12 3 8.55846e-06
Pi 12 4 0.0261703
Pi 12 5 0.00646989
Pi 12 6 0.000438192
Pi 12 7 0.212659
Pi 12 8 0.000158973
Pi 12 9 0.0329903
Pi 12 10 0.0615967
Pi 12 11 5.42036e-05
Pi 12 12 0.0409942
Pi 12 13 0.0437572
Pi 12 14 0.000874852
Pi 12 15 0.116318
Pi 12 16 0.0354787
Pi 12 17 0.00671675
Pi 12 18 0.0103587
Pi 12 19 0.0419203
Pi 12 20 0.0684217
Pi 13 0 0.104707
Pi 13 1 0.000154052
Pi 13 2 0.00143454
Pi 13 3 0.000176800
Pi 13 4 0.0357218
Pi 13 5 0.00120281
Pi 13 6 0.00327848
Pi 13 7 0.0516424
Pi 13 8 0.000256754
Pi 13 9 0.152278
Pi 13 10 0.199091
Pi 13 11 0.000104603
Pi 13 12 0.0399246
Pi 13 13 0.0678307
Pi 13 14 0.000699356
Pi 13 15 0.0525578
Pi 13 16 0.0717746
Pi 13 17 0.00221916
Pi 13 18 0.000704556
Pi 13 19 0.151360
Pi 13 20 0.0628812
Pi 14 0 0.552960
Pi 14 1 0.000767211
Pi 14 2 0.000821893
Pi 14 3 0.000118035
Pi 14 4 0.0112914
Pi 14 5 0.000660713
Pi 14 6 0.000171169
Pi 14 7 0.120150
Pi 14 8 1.71169e-05
Pi 14 9 0.00390586
Pi 14 10 0.00447481
Pi 14 11 2.95267e-05
Pi 14 12 0.00118759
Pi 14 13 0.000523778
Pi 14 14 0.000424404
Pi 14 15 0.206240
Pi 14 16 0.0242259
Pi 14 17 1.28377e-05
Pi 14 18 0.000635038
Pi 14 19 0.0114886
Pi 14 20 0.0598940
Pi 15 0 0.0772995
Pi 15 1 0.0255017
Pi 15 2 0.00691954
Pi 15 3 0.00547962
Pi 15 4 0.0113116
Pi 15 5 0.00361852
Pi 15 6 0.0281166
Pi 15 7 0.638574
Pi 15 8 0.00188091
Pi 15 9 0.00134741
Pi 15 10 0.00168196
Pi 15 11 0.0444679
Pi 15 12 0.00101274
Pi 15 13 0.00202307
Pi 15 14 0.000425695
Pi 15 15 0.0614243
Pi 15 16 0.0262736
Pi 15 17 0.000410806
Pi 15 18 0.000798077
Pi 15 19 0.00517881
Pi 15 20 0.0562536
Pi 16 0 0.198501
Pi 16 1 0.000116194
Pi 16 2 0.00141428
Pi 16 3 0.000462157
Pi 16 4 0.0436872
Pi 16 5 0.00110226
Pi 16 6 0.00182753
Pi 16 7 0.0649452
Pi 16 8 6.41885e-05
Pi 16 9 0.110461
Pi 16 10 0.110051
Pi 16 11 0.000127236
Pi 16 12 0.0675349
Pi 16 13 0.0667396
Pi 16 14 0.00119708
Pi 16 15 0.0600259
Pi 16 16 0.0694149
Pi 16 17 0.00472234
Pi 16 18 0.00345487
Pi 16 19 0.143718
Pi 16 20 0.0504341
Pi 17 0 0.149063
Pi 17 1 5.13508e-05
Pi 17 2 0.00102999
Pi 17 3 0.000154052
Pi 17 4 0.0531819
Pi 17 5 0.000154052
Pi 17 6 0.000430409
Pi 17 7 0.0267479
Pi 17 8 6.84677e-05
Pi 17 9 0.143282
Pi 17 10 0.129537
Pi 17 11 0.000171169
Pi 17 12 0.0331960
Pi 17 13 0.0712834
Pi 17 14 0.00870885
Pi 17 15 0.0392932
Pi 17 16 0.0895274
Pi 17 17 0.00171392
Pi 17 18 0.000500444
Pi 17 19 0.204174
Pi 17 20 0.0477312
Pi 18 0 0.337010
Pi 18 1 0.00131438
Pi 18 2 0.0231879
Pi 18 3 0.00112116
Pi 18 4 0.0160109
Pi 18 5 0.0333584
Pi 18 6 0.0411174
Pi 18 7 0.102820
Pi 18 8 0.00542383
Pi 18 9 0.0117236
Pi 18 10 0.0130942
Pi 18 11 0.00316674
Pi 18 12 0.00661922
Pi 18 13 0.0100386
Pi 18 14 0.00145494
Pi 18 15 0.196335
Pi 18 16 0.0952713
Pi 18 17 0.000599092
Pi 18 18 0.0127710
Pi 18 19 0.0384962
Pi 18 20 0.0490660
Pi 19 0 0.163443
Pi 19 1 0.0408423
Pi 19 2 0.0195196
Pi 19 3 0.0341927
Pi 19 4 0.0341740
Pi 19 5 0.0528184
Pi 19 6 0.0155319
Pi 19 7 0.0565694
Pi 19 8 0.0237251
Pi 19 9 0.0262751
Pi 19 10 0.0250887
Pi 19 11 0.0419523
Pi 19 12 0.0105530
Pi 19 13 0.00226445
Pi 19 14 0.00381137
Pi 19 15 0.127362
Pi 19 16 0.131942
Pi 19 17 0.0521459
Pi 19 18 0.00198706
Pi 19 19 0.0920858
Pi 19 20 0.0437155
Pi 20 0 0.114418
Pi 20 1 0.000108743
Pi 20 2 0.000493463
Pi 20 3 5.50187e-05
Pi 20 4 0.0372083
Pi 20 5 0.000452743
Pi 20 6 0.000102702
Pi 20 7 0.0214681
Pi 20 8 0.000299217
Pi 20 9 0.107991
Pi 20 10 0.180158
Pi 20 11 3.42339e-06
Pi 20 12 0.0228060
Pi 20 13 0.0975489
Pi 20 14 0.00507141
Pi 20 15 0.0556939
Pi 20 16 0.168898
Pi 20 17 0.00344704
Pi 20 18 0.0145941
Pi 20 19 0.128710
Pi 20 20 0.0404718
Pi 21 0 0.144612
Pi 21 1 3.86418e-05
Pi 21 2 0.000486610
Pi 21 3 8.43620e-05
Pi 21 4 0.0477628
Pi 21 5 0.000513508
Pi 21 6 5.13508e-05
Pi 21 7 0.0118127
Pi 21 8 0.000310080
Pi 21 9 0.163433
Pi 21 10 0.167622
Pi 21 11 8.09762e-05
Pi 21 12 0.0227876
Pi 21 13 0.0712756
Pi 21 14 0.00321669
Pi 21 15 0.0365494
Pi 21 16 0.0379531
Pi 21 17 0.00604853
Pi 21 18 0.00101662
Pi 21 19 0.246359
Pi 21 20 0.0379844
Pi 22 0 0.0600741
Pi 22 1 0.0148094
Pi 22 2 0.0168337
Pi 22 3 0.000851026
Pi 22 4 0.0308423
Pi 22 5 0.00161353
Pi 22 6 0.00786163
Pi 22 7 0.0708190
Pi 22 8 0.000898639
Pi 22 9 0.0509127
Pi 22 10 0.0879823
Pi 22 11 0.00130085
Pi 22 12 0.0485867
Pi 22 13 0.0234061
Pi 22 14 0.000529402
Pi 22 15 0.0907397
Pi 22 16 0.320590
Pi 22 17 0.00480089
Pi 22 18 0.00612995
Pi 22 19 0.124955
Pi 22 20 0.0354637
Pi 23 0 0.0791455
Pi 23 1 0.000496391
Pi 23 2 0.113794
Pi 23 3 5.32527e-05
Pi 23 4 0.0403776
Pi 23 5 0.0614282
Pi 23 6 0.000718911
Pi 23 7 0.00763401
Pi 23 8 0.0838379
Pi 23 9 0.0145111
Pi 23 10 0.0206962
Pi 23 11 0.000305902
Pi 23 12 0.0210444
Pi 23 13 0.0578774
Pi 23 14 0.000143514
Pi 23 15 0.0588663
Pi 23 16 0.133612
Pi 23 17 0.00123242
Pi 23 18 0.236990
Pi 23 19 0.0335748
Pi 23 20 0.0336598
Pi 24 0 0.00231584
Pi 24 1 0.000504949
Pi 24 2 0.000139992
Pi 24 3 5.13508e-05
Pi 24 4 0.000842153
Pi 24 5 0.000277080
Pi 24 6 0.000128766
Pi 24 7 0.00381707
Pi 24 8 0.000853445
Pi 24 9 0.000513508
Pi 24 10 0.000995675
Pi 24 11 0.000107837
Pi 24 12 0.000154052
Pi 24 13 0.00129664
Pi 24 14 0.944552
Pi 24 15 0.00774680
Pi 24 16 0.000992660
Pi 24 17 0.000663281
Pi 24 18 5.13508e-05
Pi 24 19 0.000962827
Pi 24 20 0.0330327
Pi 25 0 0.0680924
Pi 25 1 0.000525490
Pi 25 2 0.000988502
Pi 25 3 0.000112972
Pi 25 4 0.00489922
Pi 25 5 0.00350212
Pi 25 6 0.000308105
Pi 25 7 0.00774688
Pi 25 8 0.0154085
Pi 25 9 0.130197
Pi 25 10 0.365241
Pi 25 11 0.000717259
Pi 25 12 0.0478005
Pi 25 13 0.176730
Pi 25 14 0.00479787
Pi 25 15 0.0120457
Pi 25 16 0.0386209
Pi 25 17 0.00316724
Pi 25 18 0.0145545
Pi 25 19 0.0735978
Pi 25 20 0.0309456
Pi 26 0 0.00962739
Pi 26 1 0.00338964
Pi 26 2 0.0125163
Pi 26 3 0.578236
Pi 26 4 0.00102478
Pi 26 5 0.0201516
Pi 26 6 0.238408
Pi 26 7 0.00206180
Pi 26 8 0.00370943
Pi 26 9 0.0129365
Pi 26 10 0.00447140
Pi 26 11 0.00122406
Pi 26 12 0.00235225
Pi 26 13 0.00730680
Pi 26 14 0.000102702
Pi 26 15 0.0129409
Pi 26 16 0.0117913
Pi 26 17 0.0372023
Pi 26 18 0.00644700
Pi 26 19 0.00407293
Pi 26 20 0.0300273
Pi 27 0 0.0215843
Pi 27 1 0.0587380
Pi 27 2 0.0115568
Pi 27 3 0.000171169
Pi 27 4 0.00696780
Pi 27 5 0.00341004
Pi 27 6 0.000196845
Pi 27 7 0.000819658
Pi 27 8 0.00886416
Pi 27 9 0.0475000
Pi 27 10 0.187070
Pi 27 11 0.00460846
Pi 27 12 0.0281410
Pi 27 13 0.0208131
Pi 27 14 0.000492501
Pi 27 15 0.0153905
Pi 27 16 0.154426
Pi 27 17 0.00131816
Pi 27 18 0.0103353
Pi 27 19 0.389657
Pi 27 20 0.0279396
Pi 28 0 0.0827681
Pi 28 1 0.000499390
Pi 28 2 0.000313240
Pi 28 3 0.000284141
Pi 28 4 0.0102298
Pi 28 5 0.000359455
Pi 28 6 0.000139218
Pi 28 7 0.00548683
Pi 28 8 5.13508e-05
Pi 28 9 0.277739
Pi 28 10 0.153057
Pi 28 11 0.000130148
Pi 28 12 0.0179344
Pi 28 13 0.00929670
Pi 28 14 0.000284662
Pi 28 15 0.00646279
Pi 28 16 0.0244641
Pi 28 17 0.00147982
Pi 28 18 0.00111774
Pi 28 19 0.381053
Pi 28 20 0.0268501
Pi 29 0 0.00757703
Pi 29 1 0.178366
Pi 29 2 0.0163698
Pi 29 3 0.000222520
Pi 29 4 0.00129973
Pi 29 5 0.0130347
Pi 29 6 0.00185868
Pi 29 7 0.00141676
Pi 29 8 0.00212166
Pi 29 9 0.00460195
Pi 29 10 0.0193187
Pi 29 11 0.677426
Pi 29 12 0.00687234
Pi 29 13 0.000814710
Pi 29 14 0.000215463
Pi 29 15 0.0163700
Pi 29 16 0.0118945
Pi 29 17 7.70262e-05
Pi 29 18 0.00182750
Pi 29 19 0.0122759
Pi 29 20 0.0260395
Pi 30 0 0.0342219
Pi 30 1 0.0381625
Pi 30 2 0.0125869
Pi 30 3 0.00107743
Pi 30 4 0.0299400
Pi 30 5 0.0366576
Pi 30 6 0.00246503
Pi 30 7 0.00176094
Pi 30 8 0.00336466
Pi 30 9 0.0919052
Pi 30 10 0.0211943
Pi 30 11 0.0131404
Pi 30 12 0.00504293
Pi 30 13 0.00702182
Pi 30 14 0.000339349
Pi 30 15 0.0770276
Pi 30 16 0.446606
Pi 30 17 0.000410806
Pi 30 18 0.00200074
Pi 30 19 0.150543
Pi 30 20 0.0245314
Pi 31 0 0.00987439
Pi 31 1 0.686492
Pi 31 2 0.0193729
Pi 31 3 0.000425300
Pi 31 4 0.00336274
Pi 31 5 0.0404438
Pi 31 6 0.00576273
Pi 31 7 0.00167084
Pi 31 8 0.0205570
Pi 31 9 0.0156713
Pi 31 10 0.0524588
Pi 31 11 0.0610720
Pi 31 12 0.00717156
Pi 31 13 0.00422691
Pi 31 14 0.000603260
Pi 31 15 0.00655195
Pi 31 16 0.0130417
Pi 31 17 0.00125715
Pi 31 18 0.00842110
Pi 31 19 0.0181438
Pi 31 20 0.0234188
Pi 32 0 0.0302954
Pi 32 1 0.0164579
Pi 32 2 0.00163780
Pi 32 3 0.000385131
Pi 32 4 0.00458442
Pi 32 5 0.0382845
Pi 32 6 0.00310272
Pi 32 7 0.000713781
Pi 32 8 0.00183913
Pi 32 9 0.0971160
Pi 32 10 0.399462
Pi 32 11 0.00807672
Pi 32 12 0.242458
Pi 32 13 0.0442163
Pi 32 14 0.000349471
Pi 32 15 0.0114472
Pi 32 16 0.0112309
Pi 32 17 0.00292956
Pi 32 18 0.0182030
Pi 32 19 0.0454717
Pi 32 20 0.0217386
Pi 33 0 0.0417092
Pi 33 1 0.0121766
Pi 33 2 0.00969647
Pi 33 3 0.00148119
Pi 33 4 0.00522463
Pi 33 5 0.711654
Pi 33 6 0.0111058
Pi 33 7 0.00282863
Pi 33 8 0.00650676
Pi 33 9 0.0242329
Pi 33 10 0.00774100
Pi 33 11 0.00529978
Pi 33 12 0.0847390
Pi 33 13 0.00365361
Pi 33 14 0.000356603
Pi 33 15 0.0124573
Pi 33 16 0.0131728
Pi 33 17 0.000930305
Pi 33 18 0.00927205
Pi 33 19 0.0148569
Pi 33 20 0.0209045
Pi 34 0 0.145886
Pi 34 1 0.00739201
Pi 34 2 0.0546989
Pi 34 3 0.0181143
Pi 34 4 0.0114102
Pi 34 5 0.0210741
Pi 34 6 0.00683265
Pi 34 7 0.0192966
Pi 34 8 0.00623432
Pi 34 9 0.0578661
Pi 34 10 0.134721
Pi 34 11 0.0131347
Pi 34 12 0.0398790
Pi 34 13 0.0101950
Pi 34 14 0.000720458
Pi 34 15 0.103800
Pi 34 16 0.155997
Pi 34 17 0.00103215
Pi 34 18 0.00725713
Pi 34 19 0.164199
Pi 34 20 0.0202594
Pi 35 0 0.0929621
Pi 35 1 0.0385355
Pi 35 2 0.0424057
Pi 35 3 0.103027
Pi 35 4 0.00288081
Pi 35 5 0.272976
Pi 35 6 0.0507251
Pi 35 7 0.0556153
Pi 35 8 0.0333664
Pi 35 9 0.0126064
Pi 35 10 0.0293748
Pi 35 11 0.0273897
Pi 35 12 0.0189945
Pi 35 13 0.00924331
Pi 35 14 0.0152523
Pi 35 15 0.0990385
Pi 35 16 0.0409573
Pi 35 17 0.00136813
Pi 35 18 0.0200801
Pi 35 19 0.0136873
Pi 35 20 0.0195144
Pi 36 0 0.0728568
Pi 36 1 0.0695245
Pi 36 2 0.0471857
Pi 36 3 0.0421744
Pi 36 4 0.00457408
Pi 36 5 0.0446032
Pi 36 6 0.0344398
Pi 36 7 0.154985
Pi 36 8 0.0298153
Pi 36 9 0.0189684
Pi 36 10 0.0239999
Pi 36 11 0.0691139
Pi 36 12 0.0116349
Pi 36 13 0.00660770
Pi 36 14 0.0897661
Pi 36 15 0.100910
Pi 36 16 0.0670218
Pi 36 17 0.000628718
Pi 36 18 0.0164323
Pi 36 19 0.0384037
Pi 36 20 0.0563540
Pi 37 0 0.0866713
Pi 37 1 0.0566942
Pi 37 2 0.0386979
Pi 37 3 0.0297281
Pi 37 4 0.00460953
Pi 37 5 0.0385130
Pi 37 6 0.0697446
Pi 37 7 0.102799
Pi 37 8 0.0312344
Pi 37 9 0.0252458
Pi 37 10 0.0485086
Pi 37 11 0.0785785
Pi 37 12 0.0218720
Pi 37 13 0.0218927
Pi 37 14 0.0477486
Pi 37 15 0.0940617
Pi 37 16 0.0713776
Pi 37 17 0.00178934
Pi 37 18 0.0298061
Pi 37 19 0.0451522
Pi 37 20 0.0552746
Pi 38 0 0.0748759
Pi 38 1 0.0615141
Pi 38 2 0.0472972
Pi 38 3 0.0471754
Pi 38 4 0.00547412
Pi 38 5 0.0365150
Pi 38 6 0.0410178
Pi 38 7 0.110962
Pi 38 8 0.0303927
Pi 38 9 0.0210014
Pi 38 10 0.0658498
Pi 38 11 0.0763197
Pi 38 12 0.0157983
Pi 38 13 0.0172721
Pi 38 14 0.0608600
Pi 38 15 0.113119
Pi 38 16 0.0636638
Pi 38 17 0.00125797
Pi 38 18 0.0176057
Pi 38 19 0.0367202
Pi 38 20 0.0553080
Pi 39 0 0.0974112
Pi 39 1 0.0500356
Pi 39 2 0.0504093
Pi 39 3 0.0298643
Pi 39 4 0.00323923
Pi 39 5 0.0473996
Pi 39 6 0.0433711
Pi 39 7 0.103776
Pi 39 8 0.0246426
Pi 39 9 0.0185798
Pi 39 10 0.0374058
Pi 39 11 0.0705561
Pi 39 12 0.0109446
Pi 39 13 0.0217842
Pi 39 14 0.0714720
Pi 39 15 0.103473
Pi 39 16 0.0649222
Pi 39 17 0.000651192
Pi 39 18 0.0528054
Pi 39 19 0.0312296
Pi 39 20 0.0660267
Pi 40 0 0.0807715
Pi 40 1 0.0590569
Pi 40 2 0.0472217
Pi 40 3 0.0316406
Pi 40 4 0.00345672
Pi 40 5 0.0433240
Pi 40 6 0.0382368
Pi 40 7 0.0974192
Pi 40 8 0.0254296
Pi 40 9 0.0207456
Pi 40 10 0.0396697
Pi 40 11 0.0905838
Pi 40 12 0.00898668
Pi 40 13 0.0164476
Pi 40 14 0.0651323
Pi 40 15 0.103961
Pi 40 16 0.0630583
Pi 40 17 0.00101538
Pi 40 18 0.0360159
Pi 40 19 0.0349175
Pi 40 20 0.0929097
Pi 41 0 0.0726130
Pi 41 1 0.0587130
Pi 41 2 0.0413852
Pi 41 3 0.0289521
Pi 41 4 0.00266068
Pi 41 5 0.0431570
Pi 41 6 0.0471466
Pi 41 7 0.0974695
Pi 41 8 0.0189429
Pi 41 9 0.0181798
Pi 41 10 0.0289316
Pi 41 11 0.0860837
Pi 41 12 0.00891040
Pi 41 13 0.0119988
Pi 41 14 0.0513021
Pi 41 15 0.107795
Pi 41 16 0.0593787
Pi 41 17 0.00228329
Pi 41 18 0.0454244
Pi 41 19 0.0310684
Pi 41 20 0.137604
Pi 42 0 0.0533566
Pi 42 1 0.0759746
Pi 42 2 0.0369546
Pi 42 3 0.0208920
Pi 42 4 0.00303057
Pi 42 5 0.0374683
Pi 42 6 0.0333435
Pi 42 7 0.0572844
Pi 42 8 0.0173089
Pi 42 9 0.0130602
Pi 42 10 0.0315428
Pi 42 11 0.0648980
Pi 42 12 0.00883042
Pi 42 13 0.00643318
Pi 42 14 0.0440533
Pi 42 15 0.0794015
Pi 42 16 0.0432365
Pi 42 17 0.00106302
Pi 42 18 0.0266608
Pi 42 19 0.0306523
Pi 42 20 0.314554
Pi 43 0 0.0411489
Pi 43 1 0.0639263
Pi 43 2 0.0352672
Pi 43 3 0.0139889
Pi 43 4 0.00260314
Pi 43 5 0.0384059
Pi 43 6 0.0264215
Pi 43 7 0.0824672
Pi 43 8 0.0244970
Pi 43 9 0.0145056
Pi 43 10 0.0239896
Pi 43 11 0.0731704
Pi 43 12 0.00598217
Pi 43 13 0.0104437
Pi 43 14 0.0282668
Pi 43 15 0.0559837
Pi 43 16 0.0403457
Pi 43 17 0.00167770
Pi 43 18 0.0393248
Pi 43 19 0.0187291
Pi 43 20 0.358855
Pi 44 0 0.0284871
Pi 44 1 0.0487059
Pi 44 2 0.0178240
Pi 44 3 0.00844453
Pi 44 4 0.00156770
Pi 44 5 0.0167245
Pi 44 6 0.0119040
Pi 44 7 0.0251460
Pi 44 8 0.0141350
Pi 44 9 0.0107601
Pi 44 10 0.0349451
Pi 44 11 0.0262393
Pi 44 12 0.00640968
Pi 44 13 0.0336713
Pi 44 14 0.0306026
Pi 44 15 0.0660158
Pi 44 16 0.0242512
Pi 44 17 0.00272154
Pi 44 18 0.124119
Pi 44 19 0.0199233
Pi 44 20 0.447402
Pi 45 0 0.0415079
Pi 45 1 0.0532188
Pi 45 2 0.0512876
Pi 45 3 0.0170512
Pi 45 4 0.000852966
Pi 45 5 0.0231536
Pi 45 6 0.0119978
Pi 45 7 0.0430568
Pi 45 8 0.0125208
Pi 45 9 0.00534591
Pi 45 10 0.0190916
Pi 45 11 0.0786301
Pi 45 12 0.00527888
Pi 45 13 0.00329672
Pi 45 14 0.0216932
Pi 45 15 0.0603748
Pi 45 16 0.0483049
Pi 45 17 0.00179182
Pi 45 18 0.0274685
Pi 45 19 0.0134234
Pi 45 20 0.460653
Pi 46 0 0.0362631
Pi 46 1 0.0325325
Pi 46 2 0.0463765
Pi 46 3 0.00898413
Pi 46 4 0.00288733
Pi 46 5 0.0177369
Pi 46 6 0.0128201
Pi 46 7 0.180107
Pi 46 8 0.0138855
Pi 46 9 0.00641391
Pi 46 10 0.0136985
Pi 46 11 0.0329847
Pi 46 12 0.00518597
Pi 46 13 0.00332826
Pi 46 14 0.0325692
Pi 46 15 0.0689815
Pi 46 16 0.0312955
Pi 46 17 0.00116837
Pi 46 18 0.0443943
Pi 46 19 0.0112956
Pi 46 20 0.397091
Pi 47 0 0.0850868
Pi 47 1 0.00112726
Pi 47 2 0.00306307
Pi 47 3 0.000687530
Pi 47 4 0.00488209
Pi 47 5 0.00178193
Pi 47 6 0.00106973
Pi 47 7 0.0134321
Pi 47 8 0.000942468
Pi 47 9 0.138498
Pi 47 10 0.125618
Pi 47 11 0.00130749
Pi 47 12 0.0944713
Pi 47 13 0.0763842
Pi 47 14 0.0741943
Pi 47 15 0.0610693
Pi 47 16 0.124592
Pi 47 17 0.00791905
Pi 47 18 0.0136689
Pi 47 19 0.118822
Pi 47 20 0.0513825
Pi 48 0 0.0517387
Pi 48 1 0.0561015
Pi 48 2 0.00387294
Pi 48 3 0.000728429
Pi 48 4 0.00293514
Pi 48 5 0.00586960
Pi 48 6 0.00135889
Pi 48 7 0.0340048
Pi 48 8 0.00398646
Pi 48 9 0.116074
Pi 48 10 0.204478
Pi 48 11 0.0130585
Pi 48 12 0.0423957
Pi 48 13 0.130695
Pi 48 14 0.0163355
Pi 48 15 0.0358668
Pi 48 16 0.0355839
Pi 48 17 0.0837747
Pi 48 18 0.0228143
Pi 48 19 0.106027
Pi 48 20 0.0322999
Pi 49 0 0.0606293
Pi 49 1 0.0529454
Pi 49 2 0.0427295
Pi 49 3 0.266656
Pi 49 4 0.00130043
Pi 49 5 0.101254
Pi 49 6 0.0648693
Pi 49 7 0.0624771
Pi 49 8 0.0912077
Pi 49 9 0.00341441
Pi 49 10 0.00913237
Pi 49 11 0.0454151
Pi 49 12 0.00313082
Pi 49 13 0.00246849
Pi 49 14 0.0200373
Pi 49 15 0.0911245
Pi 49 16 0.0366572
Pi 49 17 0.00113290
Pi 49 18 0.00649875
Pi 49 19 0.0107696
Pi 49 20 0.0261496
Pi 50 0 0.229261
Pi 50 1 0.00537572
Pi 50 2 0.00444039
Pi 50 3 0.00202400
Pi 50 4 0.196376
Pi 50 5 0.00711729
Pi 50 6 0.0103667
Pi 50 7 0.0730788
Pi 50 8 0.00354311
Pi 50 9 0.0589706
Pi 50 10 0.0431722
Pi 50 11 0.00234465
Pi 50 12 0.0196607
Pi 50 13 0.0118807
Pi 50 14 0.00181249
Pi 50 15 0.0459907
Pi 50 16 0.128835
Pi 50 17 0.000479274
Pi 50 18 0.00677543
Pi 50 19 0.131423
Pi 50 20 0.0170720
Pi 51 0 0.156607
Pi 51 1 0.00159861
Pi 51 2 0.000847288
Pi 51 3 0.000479274
Pi 51 4 0.0133402
Pi 51 5 0.00111926
Pi 51 6 0.000624768
Pi 51 7 0.0273051
Pi 51 8 0.000549025
Pi 51 9 0.134716
Pi 51 10 0.239865
Pi 51 11 0.00122439
Pi 51 12 0.0443600
Pi 51 13 0.162108
Pi 51 14 0.00239859
Pi 51 15 0.0129782
Pi 51 16 0.0389758
Pi 51 17 0.0105678
Pi 51 18 0.0129783
Pi 51 19 0.124410
Pi 51 20 0.0129470
Pi 52 0 0.0616055
Pi 52 1 0.260416
Pi 52 2 0.0153202
Pi 52 3 0.00242424
Pi 52 4 0.00495219
Pi 52 5 0.0468483
Pi 52 6 0.00835311
Pi 52 7 0.0317473
Pi 52 8 0.0116090
Pi 52 9 0.0355605
Pi 52 10 0.0558326
Pi 52 11 0.187056
Pi 52 12 0.0229398
Pi 52 13 0.0165583
Pi 52 14 0.00596721
Pi 52 15 0.0675353
Pi 52 16 0.0454970
Pi 52 17 0.0101407
Pi 52 18 0.0278827
Pi 52 19 0.0696953
Pi 52 20 0.0120587
Pi 53 0 0.0437050
Pi 53 1 0.107044
Pi 53 2 0.0420237
Pi 53 3 0.0643038
Pi 53 4 0.00536330
Pi 53 5 0.104232
Pi 53 6 0.0712497
Pi 53 7 0.0281413
Pi 53 8 0.0485341
Pi 53 9 0.0140352
Pi 53 10 0.0313978
Pi 53 11 0.184663
Pi 53 12 0.0108297
Pi 53 13 0.00418283
Pi 53 14 0.00169189
Pi 53 15 0.0861210
Pi 53 16 0.0988629
Pi 53 17 0.00308583
Pi 53 18 0.0195235
Pi 53 19 0.0202118
Pi 53 20 0.0107976
Pi 54 0 0.0197113
Pi 54 1 0.00372542
Pi 54 2 0.00359011
Pi 54 3 0.000864405
Pi 54 4 0.00171545
Pi 54 5 0.00415375
Pi 54 6 0.00307836
Pi 54 7 0.00311486
Pi 54 8 0.00157005
Pi 54 9 0.484947
Pi 54 10 0.109145
Pi 54 11 0.00556386
Pi 54 12 0.0611458
Pi 54 13 0.00608925
Pi 54 14 0.00185254
Pi 54 15 0.0203774
Pi 54 16 0.101937
Pi 54 17 0.000205403
Pi 54 18 0.00173309
Pi 54 19 0.153388
Pi 54 20 0.0120920
Pi 55 0 0.0761671
Pi 55 1 0.0140350
Pi 55 2 0.00362412
Pi 55 3 0.000440761
Pi 55 4 0.00710426
Pi 55 5 0.00423038
Pi 55 6 0.000791658
Pi 55 7 0.0107119
Pi 55 8 0.0106007
Pi 55 9 0.114938
Pi 55 10 0.141244
Pi 55 11 0.00815618
Pi 55 12 0.0231348
Pi 55 13 0.0661407
Pi 55 14 0.00792380
Pi 55 15 0.0188977
Pi 55 16 0.0186457
Pi 55 17 0.0780561
Pi 55 18 0.209021
Pi 55 19 0.174312
Pi 55 20 0.0118251
Pi 56 0 0.0964919
Pi 56 1 0.323729
Pi 56 2 0.0214263
Pi 56 3 0.00806943
Pi 56 4 0.00261463
Pi 56 5 0.0835133
Pi 56 6 0.0249860
Pi 56 7 0.0128658
Pi 56 8 0.0215078
Pi 56 9 0.00576002
Pi 56 10 0.0129069
Pi 56 11 0.256443
Pi 56 12 0.00664491
Pi 56 13 0.00246181
Pi 56 14 0.00408690
Pi 56 15 0.0484444
Pi 56 16 0.0292187
Pi 56 17 0.000822710
Pi 56 18 0.00433691
Pi 56 19 0.0148348
Pi 56 20 0.0188350
Pi 57 0 0.0534154
Pi 57 1 0.0685018
Pi 57 2 0.0941411
Pi 57 3 0.0393839
Pi 57 4 0.00173837
Pi 57 5 0.0880595
Pi 57 6 0.235021
Pi 57 7 0.0119685
Pi 57 8 0.0403144
Pi 57 9 0.00762323
Pi 57 10 0.0185649
Pi 57 11 0.0924044
Pi 57 12 0.00555588
Pi 57 13 0.00535330
Pi 57 14 0.00545860
Pi 57 15 0.0662168
Pi 57 16 0.117333
Pi 57 17 0.00140664
Pi 57 18 0.0129900
Pi 57 19 0.0178553
Pi 57 20 0.0166940
Pi 58 0 0.0157028
Pi 58 1 0.0325233
Pi 58 2 0.0321836
Pi 58 3 0.0790596
Pi 58 4 0.000874675
Pi 58 5 0.0443529
Pi 58 6 0.547599
Pi 58 7 0.0880969
Pi 58 8 0.0328287
Pi 58 9 0.00542734
Pi 58 10 0.0145506
Pi 58 11 0.0221382
Pi 58 12 0.00125140
Pi 58 13 0.00553515
Pi 58 14 0.00358706
Pi 58 15 0.0312945
Pi 58 16 0.00821777
Pi 58 17 0.00173513
Pi 58 18 0.0138324
Pi 58 19 0.00411577
Pi 58 20 0.0150933
Pi 59 0 0.00628510
Pi 59 1 0.00999133
Pi 59 2 0.00505473
Pi 59 3 0.00182161
Pi 59 4 0.000470347
Pi 59 5 0.00439177
Pi 59 6 0.00120734
Pi 59 7 0.910965
Pi 59 8 0.00206013
Pi 59 9 0.000792269
Pi 59 10 0.00343743
Pi 59 11 0.00845687
Pi 59 12 0.000487832
Pi 59 13 0.00105465
Pi 59 14 0.00421728
Pi 59 15 0.0161630
Pi 59 16 0.00539263
Pi 59 17 0.000372293
Pi 59 18 0.000718911
Pi 59 19 0.00197193
Pi 59 20 0.0146880
Pi 60 0 0.0492536
Pi 60 1 0.00486798
Pi 60 2 0.00261355
Pi 60 3 0.000359844
Pi 60 4 0.00220859
Pi 60 5 0.000719374
Pi 60 6 0.000494679
Pi 60 7 0.00678595
Pi 60 8 0.00130839
Pi 60 9 0.201224
Pi 60 10 0.183665
Pi 60 11 0.00276497
Pi 60 12 0.0254649
Pi 60 13 0.133036
Pi 60 14 0.0865283
Pi 60 15 0.00912692
Pi 60 16 0.0127127
Pi 60 17 0.0441430
Pi 60 18 0.0272844
Pi 60 19 0.191394
Pi 60 20 0.0140428
Pi 61 0 0.0782791
Pi 61 1 0.296973
Pi 61 2 0.0104016
Pi 61 3 0.00145486
Pi 61 4 0.00323048
Pi 61 5 0.0233231
Pi 61 6 0.00394811
Pi 61 7 0.0638657
Pi 61 8 0.0112354
Pi 61 9 0.0165209
Pi 61 10 0.113374
Pi 61 11 0.117913
Pi 61 12 0.0196769
Pi 61 13 0.0385815
Pi 61 14 0.0262328
Pi 61 15 0.0764443
Pi 61 16 0.0492648
Pi 61 17 0.00876284
Pi 61 18 0.00647345
Pi 61 19 0.0190564
Pi 61 20 0.0149878
Pi 62 0 0.208945
Pi 62 1 0.0244260
Pi 62 2 0.0156994
Pi 62 3 0.00366608
Pi 62 4 0.00228116
Pi 62 5 0.00756913
Pi 62 6 0.00973741
Pi 62 7 0.514945
Pi 62 8 0.00495871
Pi 62 9 0.00514284
Pi 62 10 0.00371437
Pi 62 11 0.0129686
Pi 62 12 0.00188402
Pi 62 13 0.00649077
Pi 62 14 0.00404191
Pi 62 15 0.106547
Pi 62 16 0.0277705
Pi 62 17 0.00303832
Pi 62 18 0.00270298
Pi 62 19 0.0207087
Pi 62 20 0.0127626
Pi 63 0 0.00523623
Pi 63 1 0.000131256
Pi 63 2 0.000275582
Pi 63 3 6.41885e-06
Pi 63 4 0.00595433
Pi 63 5 0.000231078
Pi 63 6 5.13508e-05
Pi 63 7 0.000120901
Pi 63 8 0.000282429
Pi 63 9 0.0319628
Pi 63 10 0.566933
Pi 63 11 0.000513508
Pi 63 12 0.0312463
Pi 63 13 0.288715
Pi 63 14 0.00433565
Pi 63 15 0.00253344
Pi 63 16 0.00210494
Pi 63 17 0.00786970
Pi 63 18 0.0193004
Pi 63 19 0.0198731
Pi 63 20 0.0123225
Pi 64 0 0.00564741
Pi 64 1 0.000304366
Pi 64 2 0.00358641
Pi 64 3 0.000119818
Pi 64 4 0.00192316
Pi 64 5 0.00705814
Pi 64 6 0.000272037
Pi 64 7 0.00266316
Pi 64 8 0.000690712
Pi 64 9 0.00184539
Pi 64 10 0.0186607
Pi 64 11 0.000433058
Pi 64 12 0.0125822
Pi 64 13 0.222606
Pi 64 14 0.000128377
Pi 64 15 0.00412842
Pi 64 16 0.0121917
Pi 64 17 0.177094
Pi 64 18 0.509471
Pi 64 19 0.00579670
Pi 64 20 0.0127977
Pi 65 0 0.0664510
Pi 65 1 0.399374
Pi 65 2 0.0230360
Pi 65 3 0.00859448
Pi 65 4 0.00248233
Pi 65 5 0.0343028
Pi 65 6 0.00245257
Pi 65 7 0.0133952
Pi 65 8 0.0122497
Pi 65 9 0.00562969
Pi 65 10 0.00963332
Pi 65 11 0.276001
Pi 65 12 0.00152817
Pi 65 13 0.00295366
Pi 65 14 0.00337344
Pi 65 15 0.0697122
Pi 65 16 0.0326103
Pi 65 17 0.00104367
Pi 65 18 0.00507791
Pi 65 19 0.0160665
Pi 65 20 0.0140325
Pi 66 0 0.00635573
Pi 66 1 0.000273125
Pi 66 2 0.000192565
Pi 66 3 0.000425583
Pi 66 4 0.000172086
Pi 66 5 0.000102702
Pi 66 6 0.000238956
Pi 66 7 0.960167
Pi 66 8 0.000154052
Pi 66 9 7.70262e-05
Pi 66 10 0.000162611
Pi 66 11 0.000205403
Pi 66 12 5.13508e-05
Pi 66 13 0.000360548
Pi 66 14 0.000102702
Pi 66 15 0.0137925
Pi 66 16 0.000243916
Pi 66 17 0.000102702
Pi 66 18 0.000210538
Pi 66 19 0.000813242
Pi 66 20 0.0157957
Pi 67 0 0.0529028
Pi 67 1 0.000159424
Pi 67 2 0.0470254
Pi 67 3 0.000179728
Pi 67 4 0.0226286
Pi 67 5 0.00845631
Pi 67 6 0.000342021
Pi 67 7 0.0183802
Pi 67 8 0.00974606
Pi 67 9 0.0840081
Pi 67 10 0.320910
Pi 67 11 0.000361688
Pi 67 12 0.0458521
Pi 67 13 0.118237
Pi 67 14 0.000260422
Pi 67 15 0.0258774
Pi 67 16 0.0387369
Pi 67 17 0.0398104
Pi 67 18 0.0502565
Pi 67 19 0.0982160
Pi 67 20 0.0176531
Pi 68 0 0.0657939
Pi 68 1 0.0154112
Pi 68 2 0.0187686
Pi 68 3 0.00807555
Pi 68 4 0.00436666
Pi 68 5 0.0159176
Pi 68 6 0.0142133
Pi 68 7 0.210856
Pi 68 8 0.00620660
Pi 68 9 0.0416616
Pi 68 10 0.0969674
Pi 68 11 0.0163628
Pi 68 12 0.0167951
Pi 68 13 0.0271132
Pi 68 14 0.0330165
Pi 68 15 0.141603
Pi 68 16 0.125652
Pi 68 17 0.0239951
Pi 68 18 0.00601644
Pi 68 19 0.0923185
Pi 68 20 0.0188891
Pi 69 0 0.239289
Pi 69 1 0.000549453
Pi 69 2 0.000749721
Pi 69 3 0.000183151
Pi 69 4 0.00510346
Pi 69 5 0.00222068
Pi 69 6 0.00112483
Pi 69 7 0.0202701
Pi 69 8 0.000728325
Pi 69 9 0.0487343
Pi 69 10 0.0486794
Pi 69 11 0.000496391
Pi 69 12 0.0204862
Pi 69 13 0.00777540
Pi 69 14 0.386479
Pi 69 15 0.0654991
Pi 69 16 0.0592653
Pi 69 17 0.00373003
Pi 69 18 0.00392833
Pi 69 19 0.0645956
Pi 69 20 0.0201125
Pi 70 0 0.0930941
Pi 70 1 0.112507
Pi 70 2 0.125382
Pi 70 3 0.00509487
Pi 70 4 0.0185659
Pi 70 5 0.0264286
Pi 70 6 0.00688396
Pi 70 7 0.0365134
Pi 70 8 0.0174714
Pi 70 9 0.0135267
Pi 70 10 0.0260685
Pi 70 11 0.0215453
Pi 70 12 0.0138821
Pi 70 13 0.00592233
Pi 70 14 0.0514994
Pi 70 15 0.126233
Pi 70 16 0.233124
Pi 70 17 0.00197719
Pi 70 18 0.0104281
Pi 70 19 0.0323561
Pi 70 20 0.0214956
Pi 71 0 0.0578426
Pi 71 1 0.000106981
Pi 71 2 0.00273527
Pi 71 3 0.000154052
Pi 71 4 0.0256125
Pi 71 5 0.00615537
Pi 71 6 0.00359827
Pi 71 7 0.00502870
Pi 71 8 0.000154052
Pi 71 9 0.135873
Pi 71 10 0.353128
Pi 71 11 0.000102702
Pi 71 12 0.0724614
Pi 71 13 0.0504276
Pi 71 14 0.000322300
Pi 71 15 0.0202695
Pi 71 16 0.0283653
Pi 71 17 0.0216843
Pi 71 18 0.0363825
Pi 71 19 0.156694
Pi 71 20 0.0229013
Pi 72 0 0.114349
Pi 72 1 0.000166890
Pi 72 2 0.00144534
Pi 72 3 0.000115539
Pi 72 4 0.0189959
Pi 72 5 0.0117671
Pi 72 6 0.000258466
Pi 72 7 0.0281638
Pi 72 8 0.00209382
Pi 72 9 0.140101
Pi 72 10 0.306083
Pi 72 11 0.000661202
Pi 72 12 0.0623401
Pi 72 13 0.0540048
Pi 72 14 0.00467579
Pi 72 15 0.0201829
Pi 72 16 0.0344033
Pi 72 17 0.0202780
Pi 72 18 0.0125658
Pi 72 19 0.143171
Pi 72 20 0.0241770
Pi 73 0 0.0283234
Pi 73 1 0.421305
Pi 73 2 0.00526544
Pi 73 3 0.000350897
Pi 73 4 0.00246471
Pi 73 5 0.0272783
Pi 73 6 0.00369487
Pi 73 7 0.184559
Pi 73 8 0.00800131
Pi 73 9 0.00593475
Pi 73 10 0.0432991
Pi 73 11 0.100596
Pi 73 12 0.0311017
Pi 73 13 0.0140803
Pi 73 14 0.000607651
Pi 73 15 0.0291653
Pi 73 16 0.0195504
Pi 73 17 0.0224198
Pi 73 18 0.0133031
Pi 73 19 0.0122805
Pi 73 20 0.0264190
Pi 74 0 0.118017
Pi 74 1 0.0144491
Pi 74 2 0.0509240
Pi 74 3 0.0716667
Pi 74 4 0.0108707
Pi 74 5 0.0704883
Pi 74 6 0.0519599
Pi 74 7 0.0340689
Pi 74 8 0.0117467
Pi 74 9 0.0994551
Pi 74 10 0.0491774
Pi 74 11 0.0107795
Pi 74 12 0.0224611
Pi 74 13 0.00910122
Pi 74 14 0.000308105
Pi 74 15 0.0866389
Pi 74 16 0.0722163
Pi 74 17 0.00533560
Pi 74 18 0.0413174
Pi 74 19 0.140560
Pi 74 20 0.0284576
Pi 75 0 0.184418
Pi 75 1 0.000302603
Pi 75 2 0.000633326
Pi 75 3 6.84677e-05
Pi 75 4 0.0198080
Pi 75 5 0.000818522
Pi 75 6 6.84677e-05
Pi 75 7 0.104804
Pi 75 8 0.000166177
Pi 75 9 0.121516
Pi 75 10 0.0733488
Pi 75 11 0.000154052
Pi 75 12 0.0442123
Pi 75 13 0.0850389
Pi 75 14 0.0100195
Pi 75 15 0.0852574
Pi 75 16 0.0613739
Pi 75 17 0.00125809
Pi 75 18 0.00229718
Pi 75 19 0.173662
Pi 75 20 0.0307742
Pi 76 0 0.0486162
Pi 76 1 0.000232171
Pi 76 2 0.000416901
Pi 76 3 0.00000
Pi 76 4 0.00919978
Pi 76 5 0.00321639
Pi 76 6 0.000102702
Pi 76 7 0.0166131
Pi 76 8 0.00303154
Pi 76 9 0.0564885
Pi 76 10 0.0988398
Pi 76 11 0.000201627
Pi 76 12 0.0129884
Pi 76 13 0.0314878
Pi 76 14 0.472415
Pi 76 15 0.0341775
Pi 76 16 0.0413035
Pi 76 17 0.00473017
Pi 76 18 0.00152112
Pi 76 19 0.0658839
Pi 76 20 0.0985343
Pi 77 0 0.115880
Pi 77 1 0.00466193
Pi 77 2 0.0578359
Pi 77 3 0.00605338
Pi 77 4 0.00856439
Pi 77 5 0.0453180
Pi 77 6 0.0386976
Pi 77 7 0.114148
Pi 77 8 0.0415298
Pi 77 9 0.0160385
Pi 77 10 0.0338029
Pi 77 11 0.0232896
Pi 77 12 0.0286177
Pi 77 13 0.0748549
Pi 77 14 0.00183029
Pi 77 15 0.118717
Pi 77 16 0.0453291
Pi 77 17 0.0140892
Pi 77 18 0.129195
Pi 77 19 0.0419333
Pi 77 20 0.0396152
Pi 78 0 0.102666
Pi 78 1 0.0311760
Pi 78 2 0.123969
Pi 78 3 0.00755468
Pi 78 4 0.0208991
Pi 78 5 0.0329014
Pi 78 6 0.00337371
Pi 78 7 0.0913373
Pi 78 8 0.0241059
Pi 78 9 0.0117121
Pi 78 10 0.0119206
Pi 78 11 0.0154490
Pi 78 12 0.0142514
Pi 78 13 0.0274709
Pi 78 14 0.0187198
Pi 78 15 0.180828
Pi 78 16 0.137474
Pi 78 17 0.0282300
Pi 78 18 0.0235702
Pi 78 19 0.0493538
Pi 78 20 0.0430375
Pi 79 0 0.401314
Pi 79 1 0.000163324
Pi 79 2 0.000601375
Pi 79 3 7.70262e-05
Pi 79 4 0.0153997
Pi 79 5 0.000830411
Pi 79 6 0.000113789
Pi 79 7 0.208562
Pi 79 8 0.000259199
Pi 79 9 0.0385431
Pi 79 10 0.0210216
Pi 79 11 0.000184396
Pi 79 12 0.0344454
Pi 79 13 0.0368579
Pi 79 14 0.00262539
Pi 79 15 0.0898715
Pi 79 16 0.0426513
Pi 79 17 0.00271942
Pi 79 18 0.00393869
Pi 79 19 0.0545860
Pi 79 20 0.0452345
Pi 80 0 0.0849735
Pi 80 1 6.38217e-05
Pi 80 2 0.000222520
Pi 80 3 5.13508e-05
Pi 80 4 0.0238479
Pi 80 5 0.000128377
Pi 80 6 0.000162611
Pi 80 7 0.0295567
Pi 80 8 0.000154052
Pi 80 9 0.281508
Pi 80 10 0.189845
Pi 80 11 0.000166890
Pi 80 12 0.0255830
Pi 80 13 0.0467651
Pi 80 14 0.00345978
Pi 80 15 0.0347725
Pi 80 16 0.0483497
Pi 80 17 0.00168983
Pi 80 18 0.000997450
Pi 80 19 0.180337
Pi 80 20 0.0473650
Pi 81 0 0.0203144
Pi 81 1 0.0733086
Pi 81 2 0.0326863
Pi 81 3 0.0128523
Pi 81 4 0.0153771
Pi 81 5 0.130987
Pi 81 6 0.0120770
Pi 81 7 0.0121352
Pi 81 8 0.0152398
Pi 81 9 0.0202114
Pi 81 10 0.0496665
Pi 81 11 0.0532469
Pi 81 12 0.0557917
Pi 81 13 0.0715776
Pi 81 14 0.000109263
Pi 81 15 0.0598349
Pi 81 16 0.0906363
Pi 81 17 0.0251886
Pi 81 18 0.168503
Pi 81 19 0.0287703
Pi 81 20 0.0514860
Pi 82 0 0.00307986
Pi 82 1 0.00104736
Pi 82 2 0.00410255
Pi 82 3 5.13508e-05
Pi 82 4 0.00244117
Pi 82 5 0.00453785
Pi 82 6 0.000217018
Pi 82 7 0.00125296
Pi 82 8 0.00110313
Pi 82 9 0.0377469
Pi 82 10 0.153229
Pi 82 11 0.000697515
Pi 82 12 0.0390408
Pi 82 13 0.552107
Pi 82 14 0.000468780
Pi 82 15 0.00564322
Pi 82 16 0.00491804
Pi 82 17 0.0651699
Pi 82 18 0.0461496
Pi 82 19 0.0229759
Pi 82 20 0.0540198
Pi 83 0 0.138839
Pi 83 1 0.000203263
Pi 83 2 0.00134154
Pi 83 3 0.000365161
Pi 83 4 0.0139535
Pi 83 5 0.00260027
Pi 83 6 0.000659298
Pi 83 7 0.170685
Pi 83 8 0.00143006
Pi 83 9 0.0218905
Pi 83 10 0.0974532
Pi 83 11 0.000467292
Pi 83 12 0.0458842
Pi 83 13 0.0529156
Pi 83 14 0.0433717
Pi 83 15 0.0893799
Pi 83 16 0.106564
Pi 83 17 0.0215405
Pi 83 18 0.0395029
Pi 83 19 0.0935519
Pi 83 20 0.0574007
Pi 84 0 0.107626
Pi 84 1 8.72963e-05
Pi 84 2 0.00164199
Pi 84 3 5.13508e-05
Pi 84 4 0.0304901
Pi 84 5 0.000218241
Pi 84 6 0.000683614
Pi 84 7 0.0465804
Pi 84 8 0.000238414
Pi 84 9 0.0728843
Pi 84 10 0.107398
Pi 84 11 9.08097e-05
Pi 84 12 0.0214152
Pi 84 13 0.0800313
Pi 84 14 0.00147789
Pi 84 15 0.126274
Pi 84 16 0.172390
Pi 84 17 0.00872632
Pi 84 18 0.00108265
Pi 84 19 0.159243
Pi 84 20 0.0613693
Pi 85 0 0.00681573
Pi 85 1 0.00540251
Pi 85 2 0.0273956
Pi 85 3 0.000753145
Pi 85 4 0.00315883
Pi 85 5 0.00395756
Pi 85 6 0.000846068
Pi 85 7 0.00202292
Pi 85 8 0.0112244
Pi 85 9 0.00819438
Pi 85 10 0.0334350
Pi 85 11 0.0284563
Pi 85 12 0.00816308
Pi 85 13 0.134676
Pi 85 14 0.000154052
Pi 85 15 0.00444464
Pi 85 16 0.00546725
Pi 85 17 0.0181941
Pi 85 18 0.614457
Pi 85 19 0.0163756
Pi 85 20 0.0664059
Pi 86 0 0.0228787
Pi 86 1 0.0157708
Pi 86 2 0.0386455
Pi 86 3 0.165385
Pi 86 4 0.000629815
Pi 86 5 0.0256160
Pi 86 6 0.521040
Pi 86 7 0.0352957
Pi 86 8 0.0125474
Pi 86 9 0.00130026
Pi 86 10 0.00131287
Pi 86 11 0.00784758
Pi 86 12 0.000880643
Pi 86 13 0.00453174
Pi 86 14 0.00361659
Pi 86 15 0.0390304
Pi 86 16 0.0230044
Pi 86 17 0.000271494
Pi 86 18 0.00619284
Pi 86 19 0.00171684
Pi 86 20 0.0724847
Pi 87 0 0.0720837
Pi 87 1 0.0427492
Pi 87 2 0.0319484
Pi 87 3 0.00307666
Pi 87 4 0.00422215
Pi 87 5 0.0955032
Pi 87 6 0.0428258
Pi 87 7 0.0339104
Pi 87 8 0.0240864
Pi 87 9 0.0345585
Pi 87 10 0.0814089
Pi 87 11 0.0553499
Pi 87 12 0.0257032
Pi 87 13 0.0694135
Pi 87 14 0.0151172
Pi 87 15 0.0569319
Pi 87 16 0.0829551
Pi 87 17 0.0292724
Pi 87 18 0.0710114
Pi 87 19 0.0497101
Pi 87 20 0.0781619
Pi 88 0 0.0854900
Pi 88 1 5.13508e-05
Pi 88 2 0.00128400
Pi 88 3 2.56754e-05
Pi 88 4 0.0332067
Pi 88 5 0.00164946
Pi 88 6 0.000699432
Pi 88 7 0.0271214
Pi 88 8 0.00229021
Pi 88 9 0.104099
Pi 88 10 0.243853
Pi 88 11 0.000155823
Pi 88 12 0.0520316
Pi 88 13 0.101087
Pi 88 14 5.32056e-05
Pi 88 15 0.0482674
Pi 88 16 0.0669622
Pi 88 17 0.00523701
Pi 88 18 0.0299648
Pi 88 19 0.112288
Pi 88 20 0.0841830
Pi 89 0 0.0135282
Pi 89 1 0.145383
Pi 89 2 0.0207900
Pi 89 3 0.00416719
Pi 89 4 0.00742672
Pi 89 5 0.0367567
Pi 89 6 0.0144642
Pi 89 7 0.00667011
Pi 89 8 0.0131825
Pi 89 9 0.0149703
Pi 89 10 0.0432271
Pi 89 11 0.449500
Pi 89 12 0.0312429
Pi 89 13 0.00385355
Pi 89 14 0.000370659
Pi 89 15 0.0333159
Pi 89 16 0.0262808
Pi 89 17 0.000762797
Pi 89 18 0.00680229
Pi 89 19 0.0228160
Pi 89 20 0.104489
Pi 90 0 0.0546990
Pi 90 1 0.156494
Pi 90 2 0.0561533
Pi 90 3 0.0653818
Pi 90 4 0.00149709
Pi 90 5 0.0636953
Pi 90 6 0.0721739
Pi 90 7 0.0261840
Pi 90 8 0.0321384
Pi 90 9 0.0109846
Pi 90 10 0.0216229
Pi 90 11 0.125391
Pi 90 12 0.00738487
Pi 90 13 0.00597522
Pi 90 14 0.0101882
Pi 90 15 0.0747150
Pi 90 16 0.0436930
Pi 90 17 0.00244768
Pi 90 18 0.0145170
Pi 90 19 0.0161292
Pi 90 20 0.138535
Pi 91 0 0.0751145
Pi 91 1 0.0392385
Pi 91 2 0.0137873
Pi 91 3 0.00173926
Pi 91 4 0.00401273
Pi 91 5 0.0248949
Pi 91 6 0.00979140
Pi 91 7 0.0116785
Pi 91 8 0.0241914
Pi 91 9 0.0527123
Pi 91 10 0.162260
Pi 91 11 0.0341834
Pi 91 12 0.0384101
Pi 91 13 0.0852075
Pi 91 14 0.000814672
Pi 91 15 0.0300579
Pi 91 16 0.0373776
Pi 91 17 0.0442066
Pi 91 18 0.0614255
Pi 91 19 0.0557493
Pi 91 20 0.193147
Pi 92 0 0.0166699
Pi 92 1 0.00166435
Pi 92 2 0.000154052
Pi 92 3 2.85282e-06
Pi 92 4 0.00679798
Pi 92 5 0.00329396
Pi 92 6 0.000241349
Pi 92 7 0.00146973
Pi 92 8 0.00144386
Pi 92 9 0.0787919
Pi 92 10 0.311648
Pi 92 11 0.000539084
Pi 92 12 0.0458803
Pi 92 13 0.126567
Pi 92 14 0.000154052
Pi 92 15 0.00699796
Pi 92 16 0.00767640
Pi 92 17 0.0142573
Pi 92 18 0.0597010
Pi 92 19 0.0456680
Pi 92 20 0.270380
Pi 93 0 0.0458096
Pi 93 1 0.0388339
Pi 93 2 0.0464329
Pi 93 3 0.00533317
Pi 93 4 0.00386098
Pi 93 5 0.0363385
Pi 93 6 0.0193370
Pi 93 7 0.0242459
Pi 93 8 0.0145608
Pi 93 9 0.0253984
Pi 93 10 0.0567796
Pi 93 11 0.0421000
Pi 93 12 0.0176826
Pi 93 13 0.0162481
Pi 93 14 0.0132254
Pi 93 15 0.0453761
Pi 93 16 0.0393030
Pi 93 17 0.00304283
Pi 93 18 0.0174678
Pi 93 19 0.0254039
Pi 93 20 0.463219
Pi 94 0 0.00484980
Pi 94 1 0.0362644
Pi 94 2 0.0265162
Pi 94 3 0.0291258
Pi 94 4 1.54052e-05
Pi 94 5 0.0225678
Pi 94 6 0.0272800
Pi 94 7 0.0114211
Pi 94 8 0.00730468
Pi 94 9 8.55846e-06
Pi 94 10 0.000429594
Pi 94 11 0.0996609
Pi 94 12 0.000459470
Pi 94 13 0.000693285
Pi 94 14 0.00275036
Pi 94 15 0.0221586
Pi 94 16 0.0201540
Pi 94 17 0.000104053
Pi 94 18 0.00110093
Pi 94 19 0.000353596
Pi 94 20 0.686781
Pi 95 0 0.00227742
Pi 95 1 0.00668723
Pi 95 2 0.0230282
Pi 95 3 0.00703203
Pi 95 4 0.00000
Pi 95 5 0.00312830
Pi 95 6 0.00417545
Pi 95 7 0.000102702
Pi 95 8 0.0110229
Pi 95 9 0.00000
Pi 95 10 0.00000
Pi 95 11 0.0199809
Pi 95 12 0.00144829
Pi 95 13 0.00000
Pi 95 14 0.00000
Pi 95 15 0.00830846
Pi 95 16 0.000365040
Pi 95 17 0.00000
Pi 95 18 0.0149617
Pi 95 19 0.00000
Pi 95 20 0.897481
Pi 96 0 0.00000
Pi 96 1 0.00000
Pi 96 2 0.00218918
Pi 96 3 0.00000
Pi 96 4 0.00000
Pi 96 5 0.00000
Pi 96 6 0.00000
Pi 96 7 0.00000
Pi 96 8 0.000128377
Pi 96 9 0.00000
Pi 96 10 0.00000
Pi 96 11 0.00000
Pi 96 12 0.00000
Pi 96 13 0.00000
Pi 96 14 0.00000
Pi 96 15 0.00000
Pi 96 16 0.00000
Pi 96 17 0.00000
Pi 96 18 0.00000
Pi 96 19 0.00000
Pi 96 20 0.997682
# n_units: 97  n_states_of_unit: 21  State_Order_String: ARNDCQEGHILKMFPSTWYV-
