# n_units: 81  n_states_of_unit: 21  State_Order_String: ARNDCQEGHILKMFPSTWYV-
Pi 0 0 0.00000
Pi 0 1 0.00000
Pi 0 2 0.00000
Pi 0 3 0.00000
Pi 0 4 0.00000
Pi 0 5 0.00000
Pi 0 6 0.00000
Pi 0 7 0.00000
Pi 0 8 0.00000
Pi 0 9 0.0943119
Pi 0 10 0.0109235
Pi 0 11 0.00000
Pi 0 12 0.000741285
Pi 0 13 0.000421163
Pi 0 14 0.00000
Pi 0 15 0.00000
Pi 0 16 0.00137821
Pi 0 17 0.00128689
Pi 0 18 0.00000
Pi 0 19 0.190717
Pi 0 20 0.700220
Pi 1 0 0.00385733
Pi 1 1 0.0322793
Pi 1 2 0.0116531
Pi 1 3 0.0168261
Pi 1 4 0.00000
Pi 1 5 0.0280332
Pi 1 6 0.0688146
Pi 1 7 0.00000
Pi 1 8 0.0207461
Pi 1 9 0.0257980
Pi 1 10 0.00731043
Pi 1 11 0.0321039
Pi 1 12 0.00283781
Pi 1 13 0.00175920
Pi 1 14 0.00000
Pi 1 15 0.0250818
Pi 1 16 0.0938350
Pi 1 17 0.00000
Pi 1 18 0.000577178
Pi 1 19 0.0395915
Pi 1 20 0.588895
Pi 2 0 1.03545e-05
Pi 2 1 0.000501384
Pi 2 2 0.00000
Pi 2 3 0.000451246
Pi 2 4 0.00000
Pi 2 5 0.00000
Pi 2 6 0.000718771
Pi 2 7 0.00000
Pi 2 8 0.00000
Pi 2 9 0.102360
Pi 2 10 0.297323
Pi 2 11 0.00207456
Pi 2 12 0.0288008
Pi 2 13 0.0158297
Pi 2 14 0.00000
Pi 2 15 7.07263e-05
Pi 2 16 8.02287e-06
Pi 2 17 0.00000
Pi 2 18 0.000105291
Pi 2 19 0.0534420
Pi 2 20 0.498305
Pi 3 0 0.0140443
Pi 3 1 0.0396045
Pi 3 2 0.0352467
Pi 3 3 0.0174739
Pi 3 4 0.00630119
Pi 3 5 0.0490441
Pi 3 6 0.0816826
Pi 3 7 0.00203813
Pi 3 8 0.0354554
Pi 3 9 0.0214594
Pi 3 10 0.0161226
Pi 3 11 0.0541451
Pi 3 12 0.00876537
Pi 3 13 0.0116755
Pi 3 14 0.0184893
Pi 3 15 0.0364527
Pi 3 16 0.0439400
Pi 3 17 7.52076e-06
Pi 3 18 0.0107002
Pi 3 19 0.0492583
Pi 3 20 0.448093
Pi 4 0 0.00611730
Pi 4 1 0.191430
Pi 4 2 0.00207006
Pi 4 3 0.00168669
Pi 4 4 0.00000
Pi 4 5 0.00199373
Pi 4 6 0.000894971
Pi 4 7 0.00508112
Pi 4 8 0.00244498
Pi 4 9 0.00381039
Pi 4 10 0.0179822
Pi 4 11 0.313642
Pi 4 12 0.0181572
Pi 4 13 0.000383513
Pi 4 14 0.0167685
Pi 4 15 0.00354915
Pi 4 16 0.0114831
Pi 4 17 0.00000
Pi 4 18 0.000210581
Pi 4 19 0.00110337
Pi 4 20 0.401190
Pi 5 0 0.0373214
Pi 5 1 0.0316122
Pi 5 2 0.0318687
Pi 5 3 0.0536183
Pi 5 4 0.00109823
Pi 5 5 0.0270096
Pi 5 6 0.0920522
Pi 5 7 0.157508
Pi 5 8 0.00907591
Pi 5 9 0.0106632
Pi 5 10 0.0102299
Pi 5 11 0.0475802
Pi 5 12 0.00263279
Pi 5 13 0.000600260
Pi 5 14 0.0813935
Pi 5 15 0.0915184
Pi 5 16 0.0389342
Pi 5 17 0.00253377
Pi 5 18 0.00233027
Pi 5 19 0.0118723
Pi 5 20 0.258546
Pi 6 0 0.0351314
Pi 6 1 0.0314784
Pi 6 2 0.0761453
Pi 6 3 0.0665503
Pi 6 4 0.00784603
Pi 6 5 0.0352921
Pi 6 6 0.0550576
Pi 6 7 0.146746
Pi 6 8 0.0225731
Pi 6 9 0.00376026
Pi 6 10 0.0412185
Pi 6 11 0.0462206
Pi 6 12 0.00450871
Pi 6 13 0.0109360
Pi 6 14 0.0492088
Pi 6 15 0.0800622
Pi 6 16 0.0378733
Pi 6 17 0.000210581
Pi 6 18 0.00898380
Pi 6 19 0.0169774
Pi 6 20 0.223220
Pi 7 0 0.0534298
Pi 7 1 0.0453335
Pi 7 2 0.0449027
Pi 7 3 0.0399017
Pi 7 4 0.00850923
Pi 7 5 0.0588280
Pi 7 6 0.135291
Pi 7 7 0.161504
Pi 7 8 0.0148463
Pi 7 9 0.0107602
Pi 7 10 0.0120322
Pi 7 11 0.0619269
Pi 7 12 0.00540374
Pi 7 13 0.00493317
Pi 7 14 0.0125082
Pi 7 15 0.0730741
Pi 7 16 0.0420666
Pi 7 17 0.00000
Pi 7 18 0.00915442
Pi 7 19 0.0160854
Pi 7 20 0.189508
Pi 8 0 0.0186986
Pi 8 1 0.0360039
Pi 8 2 0.0155878
Pi 8 3 0.0270311
Pi 8 4 0.00248246
Pi 8 5 0.0183469
Pi 8 6 0.0227446
Pi 8 7 0.376964
Pi 8 8 0.00505614
Pi 8 9 0.00876832
Pi 8 10 0.0169249
Pi 8 11 0.0343680
Pi 8 12 0.00282160
Pi 8 13 0.0138265
Pi 8 14 0.0916306
Pi 8 15 0.109392
Pi 8 16 0.0233973
Pi 8 17 0.000849118
Pi 8 18 0.00777232
Pi 8 19 0.00812545
Pi 8 20 0.159209
Pi 9 0 0.00405219
Pi 9 1 0.00489202
Pi 9 2 0.000304173
Pi 9 3 0.00276914
Pi 9 4 0.00459396
Pi 9 5 0.00321137
Pi 9 6 0.00197531
Pi 9 7 0.00127853
Pi 9 8 0.00253336
Pi 9 9 0.0686009
Pi 9 10 0.416115
Pi 9 11 0.000661888
Pi 9 12 0.0117050
Pi 9 13 0.173673
Pi 9 14 0.00168465
Pi 9 15 0.00546331
Pi 9 16 0.00381403
Pi 9 17 0.0418495
Pi 9 18 0.0621451
Pi 9 19 0.0420708
Pi 9 20 0.146607
Pi 10 0 0.00170642
Pi 10 1 0.000342622
Pi 10 2 0.00555301
Pi 10 3 0.00222911
Pi 10 4 0.000849587
Pi 10 5 0.000251078
Pi 10 6 0.000526453
Pi 10 7 0.848323
Pi 10 8 0.00117044
Pi 10 9 0.00000
Pi 10 10 5.26453e-06
Pi 10 11 0.000210581
Pi 10 12 3.50969e-05
Pi 10 13 0.000512791
Pi 10 14 0.000708957
Pi 10 15 0.000826047
Pi 10 16 0.00000
Pi 10 17 0.00000
Pi 10 18 0.000416725
Pi 10 19 0.00000
Pi 10 20 0.136333
Pi 11 0 0.0520859
Pi 11 1 0.00000
Pi 11 2 0.000210581
Pi 11 3 0.00000
Pi 11 4 0.00402514
Pi 11 5 0.000210581
Pi 11 6 0.00000
Pi 11 7 0.000139134
Pi 11 8 0.00000
Pi 11 9 0.160860
Pi 11 10 0.174365
Pi 11 11 0.000210581
Pi 11 12 0.0426748
Pi 11 13 0.379900
Pi 11 14 0.000225623
Pi 11 15 0.00133117
Pi 11 16 0.00186598
Pi 11 17 0.00000
Pi 11 18 0.00101781
Pi 11 19 0.0472864
Pi 11 20 0.133591
Pi 12 0 0.0378427
Pi 12 1 0.0851664
Pi 12 2 0.0602723
Pi 12 3 0.00645903
Pi 12 4 0.00673752
Pi 12 5 0.0363912
Pi 12 6 0.0345441
Pi 12 7 0.0350992
Pi 12 8 0.0208872
Pi 12 9 0.0105235
Pi 12 10 0.0146762
Pi 12 11 0.0350378
Pi 12 12 0.00986104
Pi 12 13 0.00961407
Pi 12 14 0.000421163
Pi 12 15 0.246503
Pi 12 16 0.155802
Pi 12 17 0.000491356
Pi 12 18 0.0142474
Pi 12 19 0.0492334
Pi 12 20 0.130189
Pi 13 0 0.00634786
Pi 13 1 4.13642e-05
Pi 13 2 0.00000
Pi 13 3 0.000421163
Pi 13 4 0.00147407
Pi 13 5 0.000421163
Pi 13 6 0.000223743
Pi 13 7 0.00710003
Pi 13 8 0.000842325
Pi 13 9 0.329954
Pi 13 10 0.295623
Pi 13 11 0.000184259
Pi 13 12 0.00866230
Pi 13 13 0.0259415
Pi 13 14 0.00417402
Pi 13 15 0.00192594
Pi 13 16 0.00528325
Pi 13 17 0.000210581
Pi 13 18 0.00252698
Pi 13 19 0.181000
Pi 13 20 0.127642
Pi 14 0 0.116749
Pi 14 1 0.109979
Pi 14 2 0.0162937
Pi 14 3 0.0136176
Pi 14 4 0.0172579
Pi 14 5 0.0604373
Pi 14 6 0.0407908
Pi 14 7 0.0375399
Pi 14 8 0.0225831
Pi 14 9 0.0375779
Pi 14 10 0.0272437
Pi 14 11 0.0708704
Pi 14 12 0.00955801
Pi 14 13 0.00320084
Pi 14 14 0.000421163
Pi 14 15 0.0875091
Pi 14 16 0.0685017
Pi 14 17 0.00147407
Pi 14 18 0.00512164
Pi 14 19 0.128839
Pi 14 20 0.124435
Pi 15 0 0.0458895
Pi 15 1 0.0243168
Pi 15 2 0.0222637
Pi 15 3 0.0420589
Pi 15 4 0.00962917
Pi 15 5 0.0193781
Pi 15 6 0.0483386
Pi 15 7 0.410950
Pi 15 8 0.00385040
Pi 15 9 0.0178464
Pi 15 10 0.0180411
Pi 15 11 0.0252235
Pi 15 12 0.00883430
Pi 15 13 0.00491570
Pi 15 14 0.0218705
Pi 15 15 0.0728822
Pi 15 16 0.0315727
Pi 15 17 0.00610510
Pi 15 18 0.0132608
Pi 15 19 0.0240567
Pi 15 20 0.128716
Pi 16 0 0.0241237
Pi 16 1 0.0320980
Pi 16 2 0.0366607
Pi 16 3 0.0538791
Pi 16 4 0.00288156
Pi 16 5 0.0186267
Pi 16 6 0.0639693
Pi 16 7 0.362395
Pi 16 8 0.0114959
Pi 16 9 0.0230687
Pi 16 10 0.0338088
Pi 16 11 0.0284657
Pi 16 12 0.00688142
Pi 16 13 0.00419176
Pi 16 14 0.0105364
Pi 16 15 0.0443561
Pi 16 16 0.0258959
Pi 16 17 0.000421163
Pi 16 18 0.0249901
Pi 16 19 0.0302734
Pi 16 20 0.160980
Pi 17 0 0.0609369
Pi 17 1 0.0782982
Pi 17 2 0.0489693
Pi 17 3 0.0724072
Pi 17 4 0.00604708
Pi 17 5 0.0400047
Pi 17 6 0.0541851
Pi 17 7 0.0478114
Pi 17 8 0.0112284
Pi 17 9 0.0351468
Pi 17 10 0.0262249
Pi 17 11 0.109119
Pi 17 12 0.00714891
Pi 17 13 0.00679822
Pi 17 14 0.0310237
Pi 17 15 0.0747920
Pi 17 16 0.0537872
Pi 17 17 0.00253508
Pi 17 18 0.0139997
Pi 17 19 0.0525868
Pi 17 20 0.166949
Pi 18 0 0.0364453
Pi 18 1 0.0209839
Pi 18 2 0.0643799
Pi 18 3 0.233492
Pi 18 4 0.00670621
Pi 18 5 0.0158985
Pi 18 6 0.109007
Pi 18 7 0.115018
Pi 18 8 0.0166541
Pi 18 9 0.0115198
Pi 18 10 0.0191995
Pi 18 11 0.0344453
Pi 18 12 0.00616178
Pi 18 13 0.00527713
Pi 18 14 0.0266224
Pi 18 15 0.0552266
Pi 18 16 0.0237017
Pi 18 17 0.00812796
Pi 18 18 0.00862474
Pi 18 19 0.0215517
Pi 18 20 0.160956
Pi 19 0 0.0353925
Pi 19 1 0.0375338
Pi 19 2 0.0457913
Pi 19 3 0.0427184
Pi 19 4 0.00938651
Pi 19 5 0.0411656
Pi 19 6 0.0596575
Pi 19 7 0.0720810
Pi 19 8 0.0353361
Pi 19 9 0.00757556
Pi 19 10 0.0289180
Pi 19 11 0.0494239
Pi 19 12 0.00624541
Pi 19 13 0.0307775
Pi 19 14 0.0217249
Pi 19 15 0.0956335
Pi 19 16 0.0578409
Pi 19 17 0.00214127
Pi 19 18 0.0190183
Pi 19 19 0.0269956
Pi 19 20 0.274642
Pi 20 0 0.0192540
Pi 20 1 0.0345877
Pi 20 2 0.0428247
Pi 20 3 0.0402752
Pi 20 4 0.00628299
Pi 20 5 0.0238946
Pi 20 6 0.0392613
Pi 20 7 0.0895841
Pi 20 8 0.0138234
Pi 20 9 0.0142579
Pi 20 10 0.0282471
Pi 20 11 0.0262503
Pi 20 12 0.00463556
Pi 20 13 0.00508913
Pi 20 14 0.0673842
Pi 20 15 0.0559182
Pi 20 16 0.0267959
Pi 20 17 0.000631744
Pi 20 18 0.00384210
Pi 20 19 0.0177117
Pi 20 20 0.439448
Pi 21 0 0.0138739
Pi 21 1 0.0181801
Pi 21 2 0.0161805
Pi 21 3 0.0225457
Pi 21 4 0.00118319
Pi 21 5 0.0147382
Pi 21 6 0.0353301
Pi 21 7 0.0333786
Pi 21 8 0.0110069
Pi 21 9 0.00653621
Pi 21 10 0.0235491
Pi 21 11 0.0225898
Pi 21 12 0.00310893
Pi 21 13 0.00441975
Pi 21 14 0.0255266
Pi 21 15 0.0208605
Pi 21 16 0.0109038
Pi 21 17 0.00276273
Pi 21 18 0.00626038
Pi 21 19 0.0144966
Pi 21 20 0.692569
Pi 22 0 0.0204955
Pi 22 1 0.0201134
Pi 22 2 0.0249544
Pi 22 3 0.0338474
Pi 22 4 0.00302601
Pi 22 5 0.0153888
Pi 22 6 0.0321586
Pi 22 7 0.121733
Pi 22 8 0.0105580
Pi 22 9 0.00751099
Pi 22 10 0.0181540
Pi 22 11 0.0242239
Pi 22 12 0.00554052
Pi 22 13 0.00509490
Pi 22 14 0.0187361
Pi 22 15 0.0216952
Pi 22 16 0.0228082
Pi 22 17 0.00141724
Pi 22 18 0.0165465
Pi 22 19 0.0165431
Pi 22 20 0.559454
Pi 23 0 0.0246742
Pi 23 1 0.0240359
Pi 23 2 0.0309116
Pi 23 3 0.109739
Pi 23 4 0.00643815
Pi 23 5 0.0304891
Pi 23 6 0.0419425
Pi 23 7 0.0259926
Pi 23 8 0.0111095
Pi 23 9 0.0197366
Pi 23 10 0.0352847
Pi 23 11 0.0284802
Pi 23 12 0.00840578
Pi 23 13 0.00310424
Pi 23 14 0.0181244
Pi 23 15 0.0403922
Pi 23 16 0.0232098
Pi 23 17 0.00145126
Pi 23 18 0.00489725
Pi 23 19 0.0223663
Pi 23 20 0.489214
Pi 24 0 0.0331438
Pi 24 1 0.0408716
Pi 24 2 0.0369905
Pi 24 3 0.0249896
Pi 24 4 0.0110994
Pi 24 5 0.0455128
Pi 24 6 0.0439976
Pi 24 7 0.0440485
Pi 24 8 0.0178728
Pi 24 9 0.0185905
Pi 24 10 0.0583346
Pi 24 11 0.0643004
Pi 24 12 0.0367694
Pi 24 13 0.00812416
Pi 24 14 0.0873401
Pi 24 15 0.0626759
Pi 24 16 0.0678039
Pi 24 17 0.000210581
Pi 24 18 0.0144114
Pi 24 19 0.0330444
Pi 24 20 0.249868
Pi 25 0 0.0397299
Pi 25 1 0.0325438
Pi 25 2 0.0174732
Pi 25 3 0.0159911
Pi 25 4 0.0165333
Pi 25 5 0.0238145
Pi 25 6 0.0222917
Pi 25 7 0.396722
Pi 25 8 0.0220598
Pi 25 9 0.00982663
Pi 25 10 0.0238850
Pi 25 11 0.0188772
Pi 25 12 0.00635438
Pi 25 13 0.0217302
Pi 25 14 0.171359
Pi 25 15 0.0378184
Pi 25 16 0.0245001
Pi 25 17 0.000842325
Pi 25 18 0.0283689
Pi 25 19 0.0230650
Pi 25 20 0.0462138
Pi 26 0 0.0509471
Pi 26 1 0.00293231
Pi 26 2 0.00365008
Pi 26 3 0.00000
Pi 26 4 0.0183668
Pi 26 5 0.0289149
Pi 26 6 0.00109502
Pi 26 7 0.0107194
Pi 26 8 0.0417298
Pi 26 9 0.308858
Pi 26 10 0.142864
Pi 26 11 0.00252698
Pi 26 12 0.00736795
Pi 26 13 0.0178036
Pi 26 14 0.0348271
Pi 26 15 0.00880564
Pi 26 16 0.0397050
Pi 26 17 0.00109502
Pi 26 18 0.00989030
Pi 26 19 0.232997
Pi 26 20 0.0349042
Pi 27 0 0.0144527
Pi 27 1 0.0386989
Pi 27 2 0.00200052
Pi 27 3 0.000210581
Pi 27 4 0.00843623
Pi 27 5 0.0255575
Pi 27 6 0.0183722
Pi 27 7 8.09928e-06
Pi 27 8 0.0108097
Pi 27 9 0.0772923
Pi 27 10 0.0728757
Pi 27 11 0.0359611
Pi 27 12 0.0111148
Pi 27 13 0.251204
Pi 27 14 0.00100186
Pi 27 15 0.0175060
Pi 27 16 0.0575165
Pi 27 17 0.00373125
Pi 27 18 0.177743
Pi 27 19 0.147140
Pi 27 20 0.0283665
Pi 28 0 0.00145604
Pi 28 1 0.000421163
Pi 28 2 0.000210581
Pi 28 3 0.00000
Pi 28 4 0.00104246
Pi 28 5 0.00226375
Pi 28 6 0.00000
Pi 28 7 0.00000
Pi 28 8 0.000224620
Pi 28 9 0.431062
Pi 28 10 0.0239474
Pi 28 11 0.00000
Pi 28 12 0.00416338
Pi 28 13 0.00539055
Pi 28 14 0.00000
Pi 28 15 0.000737035
Pi 28 16 0.00107226
Pi 28 17 0.000860141
Pi 28 18 5.26453e-05
Pi 28 19 0.502516
Pi 28 20 0.0245798
Pi 29 0 0.0873108
Pi 29 1 0.0638664
Pi 29 2 0.0219066
Pi 29 3 0.0317908
Pi 29 4 0.0181940
Pi 29 5 0.0502839
Pi 29 6 0.0383195
Pi 29 7 0.0556879
Pi 29 8 0.0245054
Pi 29 9 0.0234549
Pi 29 10 0.0240406
Pi 29 11 0.141227
Pi 29 12 0.00630832
Pi 29 13 0.00394579
Pi 29 14 0.00161095
Pi 29 15 0.222620
Pi 29 16 0.107122
Pi 29 17 0.00149771
Pi 29 18 0.00600157
Pi 29 19 0.0467948
Pi 29 20 0.0235105
Pi 30 0 0.0559963
Pi 30 1 0.138563
Pi 30 2 0.0590583
Pi 30 3 0.0743302
Pi 30 4 0.00570437
Pi 30 5 0.0507328
Pi 30 6 0.126682
Pi 30 7 0.0486447
Pi 30 8 0.0343079
Pi 30 9 0.00163066
Pi 30 10 0.0152225
Pi 30 11 0.119422
Pi 30 12 0.00514911
Pi 30 13 0.0136555
Pi 30 14 0.00173847
Pi 30 15 0.162861
Pi 30 16 0.0434357
Pi 30 17 0.00401988
Pi 30 18 0.0107982
Pi 30 19 0.00595826
Pi 30 20 0.0220889
Pi 31 0 0.00687018
Pi 31 1 0.000421163
Pi 31 2 8.42325e-05
Pi 31 3 0.000421163
Pi 31 4 0.00449725
Pi 31 5 0.000421163
Pi 31 6 0.000421163
Pi 31 7 0.00106168
Pi 31 8 0.000421163
Pi 31 9 0.318218
Pi 31 10 0.116836
Pi 31 11 0.00126349
Pi 31 12 0.0117276
Pi 31 13 0.00309555
Pi 31 14 0.0282555
Pi 31 15 0.00252698
Pi 31 16 0.0140658
Pi 31 17 0.00000
Pi 31 18 0.000175484
Pi 31 19 0.471201
Pi 31 20 0.0180156
Pi 32 0 0.0574370
Pi 32 1 0.0418968
Pi 32 2 0.0300050
Pi 32 3 0.0724994
Pi 32 4 0.00204778
Pi 32 5 0.0521025
Pi 32 6 0.0830337
Pi 32 7 0.00527540
Pi 32 8 0.0191959
Pi 32 9 0.103844
Pi 32 10 0.103434
Pi 32 11 0.0579680
Pi 32 12 0.0306342
Pi 32 13 0.0461933
Pi 32 14 0.00176129
Pi 32 15 0.0407835
Pi 32 16 0.0734332
Pi 32 17 0.00168465
Pi 32 18 0.0200992
Pi 32 19 0.140454
Pi 32 20 0.0162172
Pi 33 0 0.0802481
Pi 33 1 0.0439205
Pi 33 2 0.0132528
Pi 33 3 0.0512432
Pi 33 4 0.00216475
Pi 33 5 0.0242156
Pi 33 6 0.143998
Pi 33 7 0.0101117
Pi 33 8 0.0216775
Pi 33 9 0.00695675
Pi 33 10 0.0151793
Pi 33 11 0.0955470
Pi 33 12 0.00477507
Pi 33 13 0.00242237
Pi 33 14 0.382778
Pi 33 15 0.0508782
Pi 33 16 0.0207507
Pi 33 17 0.000421163
Pi 33 18 0.00386509
Pi 33 19 0.0115983
Pi 33 20 0.0139958
Pi 34 0 0.0176941
Pi 34 1 0.0263428
Pi 34 2 0.115717
Pi 34 3 0.128841
Pi 34 4 0.00231393
Pi 34 5 0.0159138
Pi 34 6 0.0371086
Pi 34 7 0.544105
Pi 34 8 0.0129341
Pi 34 9 0.00191725
Pi 34 10 0.00604346
Pi 34 11 0.0230204
Pi 34 12 0.00455753
Pi 34 13 0.00362520
Pi 34 14 0.00265332
Pi 34 15 0.0246371
Pi 34 16 0.0115164
Pi 34 17 0.00189523
Pi 34 18 0.00293992
Pi 34 19 0.00300802
Pi 34 20 0.0132164
Pi 35 0 0.00919045
Pi 35 1 0.00300715
Pi 35 2 0.00190303
Pi 35 3 0.00175484
Pi 35 4 0.00368718
Pi 35 5 0.0137948
Pi 35 6 0.00374739
Pi 35 7 0.441046
Pi 35 8 0.000530799
Pi 35 9 0.00501531
Pi 35 10 0.0102341
Pi 35 11 0.0138801
Pi 35 12 0.00403021
Pi 35 13 0.00106133
Pi 35 14 0.0408185
Pi 35 15 0.386463
Pi 35 16 0.0403502
Pi 35 17 0.00000
Pi 35 18 0.00379046
Pi 35 19 0.00492159
Pi 35 20 0.0107739
Pi 36 0 0.268031
Pi 36 1 0.00741013
Pi 36 2 0.00396595
Pi 36 3 0.00503118
Pi 36 4 0.00596642
Pi 36 5 0.0140836
Pi 36 6 0.00867229
Pi 36 7 0.00235455
Pi 36 8 0.00208943
Pi 36 9 0.0525564
Pi 36 10 0.0749855
Pi 36 11 0.0185673
Pi 36 12 0.0142301
Pi 36 13 0.00374143
Pi 36 14 0.359038
Pi 36 15 0.0472948
Pi 36 16 0.0143105
Pi 36 17 0.000275761
Pi 36 18 0.00191278
Pi 36 19 0.0854558
Pi 36 20 0.0100268
Pi 37 0 0.835475
Pi 37 1 0.00171975
Pi 37 2 0.00155429
Pi 37 3 0.0158751
Pi 37 4 0.00614066
Pi 37 5 0.00147566
Pi 37 6 0.00253306
Pi 37 7 0.0209542
Pi 37 8 0.00109290
Pi 37 9 0.0209462
Pi 37 10 0.00915421
Pi 37 11 0.00479072
Pi 37 12 0.00276481
Pi 37 13 0.00316412
Pi 37 14 0.00504329
Pi 37 15 0.0204125
Pi 37 16 0.00501873
Pi 37 17 0.00000
Pi 37 18 0.00108800
Pi 37 19 0.0333160
Pi 37 20 0.00748044
Pi 38 0 0.204899
Pi 38 1 0.0158704
Pi 38 2 0.00905700
Pi 38 3 0.193839
Pi 38 4 0.00484005
Pi 38 5 0.0488203
Pi 38 6 0.215652
Pi 38 7 0.0244231
Pi 38 8 0.0589580
Pi 38 9 0.00800536
Pi 38 10 0.0142179
Pi 38 11 0.0252463
Pi 38 12 0.00792088
Pi 38 13 0.0245921
Pi 38 14 0.000605262
Pi 38 15 0.0616271
Pi 38 16 0.00463273
Pi 38 17 0.0160358
Pi 38 18 0.0450994
Pi 38 19 0.00793900
Pi 38 20 0.00771881
Pi 39 0 0.0810106
Pi 39 1 0.242021
Pi 39 2 0.0263898
Pi 39 3 0.0234833
Pi 39 4 0.0291803
Pi 39 5 0.0747231
Pi 39 6 0.0587193
Pi 39 7 0.0320524
Pi 39 8 0.0160877
Pi 39 9 0.0168782
Pi 39 10 0.0900363
Pi 39 11 0.179275
Pi 39 12 0.0163967
Pi 39 13 0.00656215
Pi 39 14 0.000325188
Pi 39 15 0.0332542
Pi 39 16 0.0293308
Pi 39 17 0.000401071
Pi 39 18 0.00711365
Pi 39 19 0.0311284
Pi 39 20 0.00563054
Pi 40 0 0.259783
Pi 40 1 0.0189533
Pi 40 2 0.0305375
Pi 40 3 0.194717
Pi 40 4 0.0383854
Pi 40 5 0.0351087
Pi 40 6 0.0401251
Pi 40 7 0.0642875
Pi 40 8 0.0118803
Pi 40 9 0.0171128
Pi 40 10 0.0166336
Pi 40 11 0.0308607
Pi 40 12 0.00507635
Pi 40 13 0.00160794
Pi 40 14 0.00363253
Pi 40 15 0.151045
Pi 40 16 0.0425337
Pi 40 17 0.000284786
Pi 40 18 0.00512766
Pi 40 19 0.0280349
Pi 40 20 0.00427178
Pi 41 0 0.00897885
Pi 41 1 0.0121825
Pi 41 2 0.0279382
Pi 41 3 0.0144184
Pi 41 4 0.00205245
Pi 41 5 0.0146470
Pi 41 6 0.0109260
Pi 41 7 0.750040
Pi 41 8 0.00310038
Pi 41 9 0.000210581
Pi 41 10 0.00314189
Pi 41 11 0.0333778
Pi 41 12 0.000737035
Pi 41 13 0.000147407
Pi 41 14 0.0126547
Pi 41 15 0.0153140
Pi 41 16 0.00302464
Pi 41 17 0.000210581
Pi 41 18 0.000421163
Pi 41 19 0.000642273
Pi 41 20 0.0858340
Pi 42 0 0.0231132
Pi 42 1 0.170524
Pi 42 2 0.0146984
Pi 42 3 0.00575203
Pi 42 4 0.00562146
Pi 42 5 0.0452159
Pi 42 6 0.0176272
Pi 42 7 0.0142593
Pi 42 8 0.00797167
Pi 42 9 0.00730805
Pi 42 10 0.0470895
Pi 42 11 0.0453702
Pi 42 12 0.00532722
Pi 42 13 0.00152935
Pi 42 14 0.00229438
Pi 42 15 0.0227925
Pi 42 16 0.0278106
Pi 42 17 0.000210581
Pi 42 18 0.00107798
Pi 42 19 0.0124157
Pi 42 20 0.521991
Pi 43 0 0.00190576
Pi 43 1 0.00000
Pi 43 2 0.00000
Pi 43 3 1.61986e-05
Pi 43 4 0.000322891
Pi 43 5 0.00000
Pi 43 6 0.000105291
Pi 43 7 0.000233979
Pi 43 8 9.47616e-05
Pi 43 9 0.214883
Pi 43 10 0.661606
Pi 43 11 0.00000
Pi 43 12 0.0246852
Pi 43 13 0.00951571
Pi 43 14 0.000273254
Pi 43 15 0.00000
Pi 43 16 0.000219737
Pi 43 17 0.000210581
Pi 43 18 0.00000
Pi 43 19 0.0824259
Pi 43 20 0.00350124
Pi 44 0 0.0302506
Pi 44 1 0.236350
Pi 44 2 0.0266532
Pi 44 3 0.00558024
Pi 44 4 0.0228155
Pi 44 5 0.181811
Pi 44 6 0.0545371
Pi 44 7 0.00666816
Pi 44 8 0.0667060
Pi 44 9 0.00701032
Pi 44 10 0.0458001
Pi 44 11 0.206094
Pi 44 12 0.0182135
Pi 44 13 0.0177717
Pi 44 14 0.00152485
Pi 44 15 0.0292831
Pi 44 16 0.0139654
Pi 44 17 0.00183330
Pi 44 18 0.0112291
Pi 44 19 0.0141522
Pi 44 20 0.00175095
Pi 45 0 0.115593
Pi 45 1 0.0457892
Pi 45 2 0.00694609
Pi 45 3 0.0207290
Pi 45 4 0.00974071
Pi 45 5 0.0240116
Pi 45 6 0.108387
Pi 45 7 0.00201161
Pi 45 8 0.00205602
Pi 45 9 0.0733858
Pi 45 10 0.0209857
Pi 45 11 0.0512322
Pi 45 12 0.00909448
Pi 45 13 0.0130941
Pi 45 14 0.182629
Pi 45 15 0.0355493
Pi 45 16 0.0417413
Pi 45 17 0.000224620
Pi 45 18 0.00207583
Pi 45 19 0.234056
Pi 45 20 0.000668797
Pi 46 0 0.00636157
Pi 46 1 0.00854760
Pi 46 2 0.0576638
Pi 46 3 0.0344753
Pi 46 4 0.000631744
Pi 46 5 0.00901298
Pi 46 6 0.00966101
Pi 46 7 0.829598
Pi 46 8 0.0101367
Pi 46 9 0.00000
Pi 46 10 0.00324391
Pi 46 11 0.00894041
Pi 46 12 0.00127352
Pi 46 13 0.00441958
Pi 46 14 0.000210581
Pi 46 15 0.00650006
Pi 46 16 0.000615032
Pi 46 17 0.000684389
Pi 46 18 0.00682661
Pi 46 19 1.75484e-05
Pi 46 20 0.00117995
Pi 47 0 0.00273712
Pi 47 1 0.00000
Pi 47 2 0.00336146
Pi 47 3 0.944783
Pi 47 4 0.00155930
Pi 47 5 0.00876438
Pi 47 6 0.00859272
Pi 47 7 0.00214570
Pi 47 8 0.00937537
Pi 47 9 0.000210581
Pi 47 10 0.00143924
Pi 47 11 0.000210581
Pi 47 12 0.00665219
Pi 47 13 0.000944242
Pi 47 14 0.00000
Pi 47 15 0.00362200
Pi 47 16 0.00152321
Pi 47 17 0.000210581
Pi 47 18 0.00101129
Pi 47 19 0.00147407
Pi 47 20 0.00138327
Pi 48 0 0.0219310
Pi 48 1 0.255610
Pi 48 2 0.00175484
Pi 48 3 0.000842325
Pi 48 4 0.0104207
Pi 48 5 0.163731
Pi 48 6 0.137198
Pi 48 7 0.000938945
Pi 48 8 0.0262068
Pi 48 9 0.0832386
Pi 48 10 0.0465363
Pi 48 11 0.0759301
Pi 48 12 0.0165717
Pi 48 13 0.0137494
Pi 48 14 6.43443e-05
Pi 48 15 0.00628378
Pi 48 16 0.0178345
Pi 48 17 0.00284299
Pi 48 18 0.0186121
Pi 48 19 0.0980737
Pi 48 20 0.00162895
Pi 49 0 0.00122839
Pi 49 1 0.00000
Pi 49 2 0.00000
Pi 49 3 0.00000
Pi 49 4 0.00000
Pi 49 5 0.00000
Pi 49 6 0.00000
Pi 49 7 1.00277e-05
Pi 49 8 0.00000
Pi 49 9 0.610383
Pi 49 10 0.253736
Pi 49 11 0.00000
Pi 49 12 0.00154109
Pi 49 13 0.00297854
Pi 49 14 0.00000
Pi 49 15 0.00000
Pi 49 16 0.000357988
Pi 49 17 0.00000
Pi 49 18 0.00000
Pi 49 19 0.128163
Pi 49 20 0.00160224
Pi 50 0 0.00944044
Pi 50 1 0.0124122
Pi 50 2 0.000737035
Pi 50 3 0.00163201
Pi 50 4 0.00341478
Pi 50 5 0.00457923
Pi 50 6 0.0105462
Pi 50 7 0.00106017
Pi 50 8 0.00448494
Pi 50 9 0.176895
Pi 50 10 0.491988
Pi 50 11 0.00745514
Pi 50 12 0.0274606
Pi 50 13 0.00550780
Pi 50 14 0.00000
Pi 50 15 0.00529738
Pi 50 16 0.0309581
Pi 50 17 0.00243171
Pi 50 18 0.00312362
Pi 50 19 0.198517
Pi 50 20 0.00205850
Pi 51 0 0.196981
Pi 51 1 0.0446590
Pi 51 2 0.0160783
Pi 51 3 0.00881170
Pi 51 4 0.00400721
Pi 51 5 0.0721878
Pi 51 6 0.246413
Pi 51 7 0.0439270
Pi 51 8 0.00802217
Pi 51 9 0.00153798
Pi 51 10 0.00608300
Pi 51 11 0.0818786
Pi 51 12 0.0166471
Pi 51 13 0.0153081
Pi 51 14 1.50415e-05
Pi 51 15 0.195378
Pi 51 16 0.0211758
Pi 51 17 0.00231639
Pi 51 18 0.00929219
Pi 51 19 0.00658124
Pi 51 20 0.00269902
Pi 52 0 0.0175970
Pi 52 1 7.01938e-05
Pi 52 2 0.00000
Pi 52 3 8.42325e-06
Pi 52 4 0.00356427
Pi 52 5 0.00000
Pi 52 6 0.00000
Pi 52 7 2.33979e-05
Pi 52 8 4.21163e-05
Pi 52 9 0.365387
Pi 52 10 0.0353283
Pi 52 11 0.00000
Pi 52 12 0.00695284
Pi 52 13 0.00448611
Pi 52 14 0.00000
Pi 52 15 1.50415e-05
Pi 52 16 0.000210581
Pi 52 17 0.00962269
Pi 52 18 0.00389266
Pi 52 19 0.546600
Pi 52 20 0.00619973
Pi 53 0 0.0175228
Pi 53 1 0.00168866
Pi 53 2 0.755374
Pi 53 3 0.129853
Pi 53 4 0.00883076
Pi 53 5 0.00586776
Pi 53 6 0.0129264
Pi 53 7 0.0462606
Pi 53 8 0.000666166
Pi 53 9 0.000105291
Pi 53 10 0.00000
Pi 53 11 0.00229369
Pi 53 12 0.000436204
Pi 53 13 2.33979e-05
Pi 53 14 0.00000
Pi 53 15 0.00725426
Pi 53 16 0.000560200
Pi 53 17 0.00000
Pi 53 18 0.000210581
Pi 53 19 3.50969e-05
Pi 53 20 0.0100919
Pi 54 0 0.00648418
Pi 54 1 0.0278638
Pi 54 2 0.0801041
Pi 54 3 0.0854635
Pi 54 4 0.000815876
Pi 54 5 0.0414312
Pi 54 6 0.0319665
Pi 54 7 0.642560
Pi 54 8 0.0116440
Pi 54 9 0.000210581
Pi 54 10 0.00207810
Pi 54 11 0.0148064
Pi 54 12 0.000657392
Pi 54 13 0.000421163
Pi 54 14 0.000421163
Pi 54 15 0.0317149
Pi 54 16 0.00519161
Pi 54 17 0.000848906
Pi 54 18 0.00391794
Pi 54 19 0.000225623
Pi 54 20 0.0111728
Pi 55 0 0.0254288
Pi 55 1 0.0615693
Pi 55 2 0.0187777
Pi 55 3 0.0147893
Pi 55 4 0.00621523
Pi 55 5 0.120261
Pi 55 6 0.124574
Pi 55 7 0.000775911
Pi 55 8 0.0399897
Pi 55 9 0.114252
Pi 55 10 0.0266354
Pi 55 11 0.0866951
Pi 55 12 0.0184955
Pi 55 13 0.00712047
Pi 55 14 0.000631744
Pi 55 15 0.0187766
Pi 55 16 0.105518
Pi 55 17 0.00196494
Pi 55 18 0.0132243
Pi 55 19 0.181968
Pi 55 20 0.0123378
Pi 56 0 0.0350570
Pi 56 1 0.0363689
Pi 56 2 0.128257
Pi 56 3 0.192000
Pi 56 4 0.0152463
Pi 56 5 0.0115481
Pi 56 6 0.0348681
Pi 56 7 0.00791266
Pi 56 8 0.0116512
Pi 56 9 0.00928954
Pi 56 10 0.0190351
Pi 56 11 0.0366607
Pi 56 12 0.00647446
Pi 56 13 0.00707662
Pi 56 14 0.131350
Pi 56 15 0.244250
Pi 56 16 0.0331739
Pi 56 17 0.00108800
Pi 56 18 0.00580240
Pi 56 19 0.0193396
Pi 56 20 0.0135506
Pi 57 0 0.0296351
Pi 57 1 0.000424732
Pi 57 2 0.000666841
Pi 57 3 0.00000
Pi 57 4 0.0208781
Pi 57 5 0.000421163
Pi 57 6 9.15571e-06
Pi 57 7 0.00115820
Pi 57 8 5.64765e-05
Pi 57 9 0.113469
Pi 57 10 0.262625
Pi 57 11 0.000210581
Pi 57 12 0.0479756
Pi 57 13 0.0409405
Pi 57 14 0.00105291
Pi 57 15 0.00516657
Pi 57 16 0.0960378
Pi 57 17 0.000842325
Pi 57 18 0.000631744
Pi 57 19 0.362793
Pi 57 20 0.0150058
Pi 58 0 0.0731947
Pi 58 1 0.105704
Pi 58 2 0.0210323
Pi 58 3 0.0584531
Pi 58 4 0.00387966
Pi 58 5 0.0552460
Pi 58 6 0.154130
Pi 58 7 0.0155472
Pi 58 8 0.0230923
Pi 58 9 0.0415372
Pi 58 10 0.0528866
Pi 58 11 0.0638805
Pi 58 12 0.0104535
Pi 58 13 0.00400510
Pi 58 14 0.00646907
Pi 58 15 0.105717
Pi 58 16 0.0946553
Pi 58 17 0.000881889
Pi 58 18 0.0109951
Pi 58 19 0.0803705
Pi 58 20 0.0178703
Pi 59 0 0.0229334
Pi 59 1 0.0275356
Pi 59 2 0.175694
Pi 59 3 0.0983761
Pi 59 4 0.00384892
Pi 59 5 0.0263362
Pi 59 6 0.0470605
Pi 59 7 0.327690
Pi 59 8 0.0342562
Pi 59 9 0.00286366
Pi 59 10 0.00919108
Pi 59 11 0.0380621
Pi 59 12 0.00641470
Pi 59 13 0.00387439
Pi 59 14 0.00356233
Pi 59 15 0.0879790
Pi 59 16 0.0455637
Pi 59 17 0.00736639
Pi 59 18 0.00718967
Pi 59 19 0.00209433
Pi 59 20 0.0221076
Pi 60 0 0.113842
Pi 60 1 0.0266992
Pi 60 2 0.00324864
Pi 60 3 0.00496260
Pi 60 4 0.0246117
Pi 60 5 0.0125960
Pi 60 6 0.0233348
Pi 60 7 0.00741723
Pi 60 8 0.0135139
Pi 60 9 0.0636066
Pi 60 10 0.198432
Pi 60 11 0.0611374
Pi 60 12 0.136304
Pi 60 13 0.0398555
Pi 60 14 0.00929399
Pi 60 15 0.0345936
Pi 60 16 0.0193237
Pi 60 17 0.0505910
Pi 60 18 0.0227904
Pi 60 19 0.107461
Pi 60 20 0.0263847
Pi 61 0 0.0378502
Pi 61 1 0.0596325
Pi 61 2 0.0445821
Pi 61 3 0.0485619
Pi 61 4 0.00650349
Pi 61 5 0.0244073
Pi 61 6 0.0402127
Pi 61 7 0.0260058
Pi 61 8 0.00824860
Pi 61 9 0.00541033
Pi 61 10 0.0106563
Pi 61 11 0.0341372
Pi 61 12 0.00486439
Pi 61 13 0.00102132
Pi 61 14 0.0558486
Pi 61 15 0.239105
Pi 61 16 0.279674
Pi 61 17 0.000210581
Pi 61 18 0.00463002
Pi 61 19 0.00790092
Pi 61 20 0.0605359
Pi 62 0 0.0208084
Pi 62 1 0.0369652
Pi 62 2 0.0326153
Pi 62 3 0.0277845
Pi 62 4 0.00871310
Pi 62 5 0.0494263
Pi 62 6 0.0352118
Pi 62 7 0.00492023
Pi 62 8 0.371126
Pi 62 9 0.0225742
Pi 62 10 0.118353
Pi 62 11 0.0167365
Pi 62 12 0.0101014
Pi 62 13 0.0229745
Pi 62 14 0.0225554
Pi 62 15 0.0287583
Pi 62 16 0.0191169
Pi 62 17 0.000469979
Pi 62 18 0.0462272
Pi 62 19 0.0430942
Pi 62 20 0.0614672
Pi 63 0 0.0864307
Pi 63 1 0.0293465
Pi 63 2 0.0359094
Pi 63 3 0.150127
Pi 63 4 0.00393046
Pi 63 5 0.0721428
Pi 63 6 0.187392
Pi 63 7 0.0196398
Pi 63 8 0.0231935
Pi 63 9 0.0147719
Pi 63 10 0.0619201
Pi 63 11 0.0536152
Pi 63 12 0.0150263
Pi 63 13 0.0193978
Pi 63 14 0.0126814
Pi 63 15 0.0861771
Pi 63 16 0.0379700
Pi 63 17 0.00133368
Pi 63 18 0.0149826
Pi 63 19 0.0250970
Pi 63 20 0.0489153
Pi 64 0 0.0396953
Pi 64 1 0.0598836
Pi 64 2 0.0240142
Pi 64 3 0.148962
Pi 64 4 0.000826929
Pi 64 5 0.156920
Pi 64 6 0.318130
Pi 64 7 0.00847066
Pi 64 8 0.0150845
Pi 64 9 0.00527104
Pi 64 10 0.0152820
Pi 64 11 0.0525634
Pi 64 12 0.00706934
Pi 64 13 0.00997684
Pi 64 14 0.000631744
Pi 64 15 0.0307284
Pi 64 16 0.0319496
Pi 64 17 0.00000
Pi 64 18 0.00815230
Pi 64 19 0.0151927
Pi 64 20 0.0511965
Pi 65 0 0.421298
Pi 65 1 0.00406181
Pi 65 2 0.00299727
Pi 65 3 0.00192759
Pi 65 4 0.0159278
Pi 65 5 0.00701938
Pi 65 6 0.00336930
Pi 65 7 0.00442961
Pi 65 8 0.000210581
Pi 65 9 0.0748340
Pi 65 10 0.0495820
Pi 65 11 0.0202569
Pi 65 12 0.00908681
Pi 65 13 0.00373260
Pi 65 14 0.00108299
Pi 65 15 0.00996296
Pi 65 16 0.0169504
Pi 65 17 0.00296728
Pi 65 18 0.00105291
Pi 65 19 0.293640
Pi 65 20 0.0556106
Pi 66 0 0.103197
Pi 66 1 0.0290483
Pi 66 2 0.00991785
Pi 66 3 0.00556357
Pi 66 4 0.00608236
Pi 66 5 0.0579938
Pi 66 6 0.0172993
Pi 66 7 0.00575967
Pi 66 8 0.0145819
Pi 66 9 0.100852
Pi 66 10 0.0713531
Pi 66 11 0.0245515
Pi 66 12 0.0310738
Pi 66 13 0.00576962
Pi 66 14 0.00137580
Pi 66 15 0.0287445
Pi 66 16 0.0266897
Pi 66 17 0.00805694
Pi 66 18 0.0115669
Pi 66 19 0.377875
Pi 66 20 0.0626477
Pi 67 0 0.104333
Pi 67 1 0.0657630
Pi 67 2 0.0763550
Pi 67 3 0.0967039
Pi 67 4 0.00185521
Pi 67 5 0.0987531
Pi 67 6 0.137669
Pi 67 7 0.0209720
Pi 67 8 0.0208417
Pi 67 9 0.0218953
Pi 67 10 0.0405994
Pi 67 11 0.0972510
Pi 67 12 0.0125230
Pi 67 13 0.00146807
Pi 67 14 0.00546334
Pi 67 15 0.0776818
Pi 67 16 0.0345192
Pi 67 17 0.00102400
Pi 67 18 0.00314142
Pi 67 19 0.0132896
Pi 67 20 0.0678980
Pi 68 0 0.0967974
Pi 68 1 0.0448694
Pi 68 2 0.00429594
Pi 68 3 0.00788494
Pi 68 4 0.00942447
Pi 68 5 0.0175630
Pi 68 6 0.0288215
Pi 68 7 0.00386066
Pi 68 8 0.00999455
Pi 68 9 0.132070
Pi 68 10 0.278848
Pi 68 11 0.0529464
Pi 68 12 0.0725446
Pi 68 13 0.0207138
Pi 68 14 0.000219356
Pi 68 15 0.0108074
Pi 68 16 0.0309286
Pi 68 17 0.00276447
Pi 68 18 0.0130321
Pi 68 19 0.0857393
Pi 68 20 0.0758743
Pi 69 0 0.0154524
Pi 69 1 0.00516802
Pi 69 2 0.00642136
Pi 69 3 0.00210581
Pi 69 4 0.00128814
Pi 69 5 0.00242169
Pi 69 6 0.00159691
Pi 69 7 0.00296920
Pi 69 8 0.000631744
Pi 69 9 0.297971
Pi 69 10 0.405436
Pi 69 11 0.00769534
Pi 69 12 0.0559459
Pi 69 13 0.0444526
Pi 69 14 8.42325e-06
Pi 69 15 0.00677899
Pi 69 16 0.0106038
Pi 69 17 0.000210581
Pi 69 18 0.000745458
Pi 69 19 0.0503370
Pi 69 20 0.0817605
Pi 70 0 0.0425009
Pi 70 1 0.263733
Pi 70 2 0.0205402
Pi 70 3 0.0163452
Pi 70 4 0.00303471
Pi 70 5 0.0876393
Pi 70 6 0.0192028
Pi 70 7 0.0115307
Pi 70 8 0.0133781
Pi 70 9 0.0100122
Pi 70 10 0.0263515
Pi 70 11 0.299407
Pi 70 12 0.00857409
Pi 70 13 0.00116697
Pi 70 14 0.00113833
Pi 70 15 0.0392219
Pi 70 16 0.0268599
Pi 70 17 0.000816016
Pi 70 18 0.00157936
Pi 70 19 0.0196662
Pi 70 20 0.0873016
Pi 71 0 0.0817550
Pi 71 1 0.0592175
Pi 71 2 0.0940339
Pi 71 3 0.0410037
Pi 71 4 0.00434122
Pi 71 5 0.0839031
Pi 71 6 0.0826762
Pi 71 7 0.131539
Pi 71 8 0.0120586
Pi 71 9 0.00659527
Pi 71 10 0.0125580
Pi 71 11 0.0809439
Pi 71 12 0.00868114
Pi 71 13 0.00141249
Pi 71 14 0.0208011
Pi 71 15 0.132104
Pi 71 16 0.0387050
Pi 71 17 0.00000
Pi 71 18 0.00372791
Pi 71 19 0.00413017
Pi 71 20 0.0998122
Pi 72 0 0.195398
Pi 72 1 0.0122222
Pi 72 2 0.0233714
Pi 72 3 0.0111386
Pi 72 4 0.0639436
Pi 72 5 0.0205680
Pi 72 6 0.0178034
Pi 72 7 0.0362925
Pi 72 8 0.00892162
Pi 72 9 0.0275315
Pi 72 10 0.0402239
Pi 72 11 0.0395963
Pi 72 12 0.00625508
Pi 72 13 0.00433002
Pi 72 14 0.0621852
Pi 72 15 0.194508
Pi 72 16 0.0807493
Pi 72 17 0.000229210
Pi 72 18 0.00379046
Pi 72 19 0.0311788
Pi 72 20 0.119763
Pi 73 0 0.0405357
Pi 73 1 0.0479944
Pi 73 2 0.0264091
Pi 73 3 0.0257759
Pi 73 4 0.00813582
Pi 73 5 0.0262286
Pi 73 6 0.0477336
Pi 73 7 0.221459
Pi 73 8 0.00754921
Pi 73 9 0.00634560
Pi 73 10 0.00896167
Pi 73 11 0.100182
Pi 73 12 0.00490258
Pi 73 13 0.00338018
Pi 73 14 0.0890631
Pi 73 15 0.0773558
Pi 73 16 0.0473821
Pi 73 17 0.000421163
Pi 73 18 0.00533538
Pi 73 19 0.0259199
Pi 73 20 0.178929
Pi 74 0 0.0244150
Pi 74 1 0.0339783
Pi 74 2 0.0870476
Pi 74 3 0.108160
Pi 74 4 0.00133405
Pi 74 5 0.0443761
Pi 74 6 0.0686235
Pi 74 7 0.166865
Pi 74 8 0.0139616
Pi 74 9 0.00377903
Pi 74 10 0.0100736
Pi 74 11 0.0470743
Pi 74 12 0.00465646
Pi 74 13 0.00162188
Pi 74 14 0.0293789
Pi 74 15 0.0678120
Pi 74 16 0.0236880
Pi 74 17 0.000210581
Pi 74 18 0.00505045
Pi 74 19 0.00927093
Pi 74 20 0.248622
Pi 75 0 0.0250440
Pi 75 1 0.0550409
Pi 75 2 0.0301846
Pi 75 3 0.0229532
Pi 75 4 0.00578647
Pi 75 5 0.0495881
Pi 75 6 0.0918832
Pi 75 7 0.00758716
Pi 75 8 0.0325542
Pi 75 9 0.0294228
Pi 75 10 0.0213170
Pi 75 11 0.0844357
Pi 75 12 0.00968360
Pi 75 13 0.00718006
Pi 75 14 0.0546198
Pi 75 15 0.0802818
Pi 75 16 0.0950024
Pi 75 17 0.00105291
Pi 75 18 0.00660399
Pi 75 19 0.0802610
Pi 75 20 0.209517
Pi 76 0 0.0147669
Pi 76 1 0.00000
Pi 76 2 0.000210581
Pi 76 3 0.00000
Pi 76 4 0.00484337
Pi 76 5 0.00000
Pi 76 6 0.00000
Pi 76 7 5.26453e-05
Pi 76 8 0.00000
Pi 76 9 0.126094
Pi 76 10 0.195035
Pi 76 11 0.00000
Pi 76 12 0.0134296
Pi 76 13 0.00487660
Pi 76 14 0.00169992
Pi 76 15 0.000851897
Pi 76 16 0.0113628
Pi 76 17 0.00000
Pi 76 18 0.000210581
Pi 76 19 0.405221
Pi 76 20 0.221345
Pi 77 0 0.0381181
Pi 77 1 0.0991165
Pi 77 2 0.0257450
Pi 77 3 0.0250244
Pi 77 4 0.0123649
Pi 77 5 0.0433226
Pi 77 6 0.0603704
Pi 77 7 0.00186181
Pi 77 8 0.0326949
Pi 77 9 0.0143470
Pi 77 10 0.0233813
Pi 77 11 0.0760773
Pi 77 12 0.0107746
Pi 77 13 0.00281239
Pi 77 14 0.00336745
Pi 77 15 0.0599239
Pi 77 16 0.178861
Pi 77 17 0.000818228
Pi 77 18 0.00643215
Pi 77 19 0.0426605
Pi 77 20 0.241925
Pi 78 0 0.00000
Pi 78 1 0.00000
Pi 78 2 0.00000
Pi 78 3 0.00000
Pi 78 4 0.00000
Pi 78 5 0.00000
Pi 78 6 0.00000
Pi 78 7 0.00000
Pi 78 8 0.00000
Pi 78 9 0.0603092
Pi 78 10 0.556107
Pi 78 11 0.00000
Pi 78 12 0.0532337
Pi 78 13 0.0329113
Pi 78 14 0.00000
Pi 78 15 0.00000
Pi 78 16 0.00000
Pi 78 17 0.00000
Pi 78 18 0.00000
Pi 78 19 0.0374480
Pi 78 20 0.259991
Pi 79 0 0.00755249
Pi 79 1 0.0241778
Pi 79 2 0.0153955
Pi 79 3 0.00745916
Pi 79 4 0.00231831
Pi 79 5 0.0274292
Pi 79 6 0.0483074
Pi 79 7 0.0208534
Pi 79 8 0.0101003
Pi 79 9 0.0299950
Pi 79 10 0.124856
Pi 79 11 0.0750199
Pi 79 12 0.00607471
Pi 79 13 0.000899483
Pi 79 14 0.00000
Pi 79 15 0.0166158
Pi 79 16 0.156724
Pi 79 17 0.000306513
Pi 79 18 0.00320501
Pi 79 19 0.108727
Pi 79 20 0.313984
Pi 80 0 0.000843223
Pi 80 1 0.00000
Pi 80 2 0.00000
Pi 80 3 0.00000
Pi 80 4 0.00000
Pi 80 5 0.00000
Pi 80 6 0.00000
Pi 80 7 0.00000
Pi 80 8 0.00000
Pi 80 9 0.197105
Pi 80 10 0.0659239
Pi 80 11 0.00000
Pi 80 12 0.000155230
Pi 80 13 0.00000
Pi 80 14 0.00000
Pi 80 15 0.00000
Pi 80 16 0.000640989
Pi 80 17 0.00000
Pi 80 18 0.00147407
Pi 80 19 0.338629
Pi 80 20 0.395228
# n_units: 81  n_states_of_unit: 21  State_Order_String: ARNDCQEGHILKMFPSTWYV-
