# GL1L2  propL1h= 0.00000 propL1J= 1.00000  lambdaPhi= 0.000500000  lambdaPhij= 0.00200000  ungauged  ModAdam  learningRate= 0.00600000  betaV= 0.999000  betaM= 0.900000  eps= 1.00000e-06  batchSize=7007  miniBatchSize= 103  stepsPerEpoch= 68.0000
# learningRate.coolingMethod= (1+at)^b  stepsPerEpoch= 1.000000  warmupEpochs= 100.000000  maxLR= 0.00600000  maxLREpochs= 1736.00  constPerEpoch= 0.0100000  power= -0.500000
# initial_h: to reproduce observed amino acid frequencies at each site; pseudoNCountsForhia= 10.0
# sigma_initial_J for Gaussian: 0.001
# MCMC Kernel: GibbsWithMHStep  with pseudoNCountsForProposedPia= 10.0
# nIndependentMC= 7007  miniBatchSize= 103  for MCMC 
# initial configuration: observed sequence data
# nSamples for each MC run: 1
# nUnits= 48  nInitialIterationsPerUnit= 0  everyNIterationsPerUnit= 10
# initialT= 1.00000  finalT= 1.00000  annealingRate= 0.990000 ; annealingRate may be adjusted.
# maxExtendedIterations= 1
# minLearningStepsForBestKL= 3876  minLearningSteps= 1836  maxNoLearnings= 204
#
# Frequencies, fia and fijab, are calculated from the effective number of sequences, effectiveNConfigs= 6341.77 ,
# with the corrections, pseudoNCountsForBM= 0.0 , to avoid 0-counts.
#
#First line:
# allRandomizedSampleTE_MeanAndVariance.mean - allRandomizedSampleTE_MeanAndVariance.variance: mean of TE in the Gaussian approx. for TE density
# sampleTE_MeanAndVariance.mean: mean of TE of native sequences for a mini-batch
# ensembleTE_MeanAndVariance.mean: <TE> : mean of TE over the ensemble generated in the MCMC for a mini-batch
#
# allRandomizedSampleTE_MeanAndVariance.mean: mean of TE of all randomized native sequences for a full-batch (allRandomizedSamples)
#
# allRandomizedSampleTE_MeanAndVariance.varience: variance of TE of all randomized native sequences for a full-batch (allRandomizedSamples)
# sampleTE_MeanAndVariance.varience: variance of TE of native sequences for a mini-batch
# ensembleTE_MeanAndVariance.varience: <(TE -<TE>)^2> : variance of TE over the ensemble generated in the MCMC for a mini-batch
#
#Second line:
# randomSampleTE_MeanAndVariance._2 - randomSampleTE_MeanAndVariance._3: expected mean of TE in the Gaussian approx. for TE density
# allSampleTE_MeanAndVariance.mean: mean of TE of all native sequences (sampleConfigurations)
# ensembleTE_MeanAndVariance.mean: <TE> : mean of TE over the ensemble generated in the MCMC for a mini-batch
# allEnsembleTE_MeanAndVariance.mean: <TE>_m : mean of TE over multiple minibatch ensembles generated in the MCMC
#
# randomSampleTE_MeanAndVariance._2: mean of TE of random sequences with amino acid frequencies of native sequences (randomSamples)
#
# randomSampleTE_MeanAndVariance._3: expected variance of TE of random sequences with amino acid frequencies of native sequences (randomSamples)
# allSampleTE_MeanAndVariance.varience: variance of TE of all native sequences (sampleConfigurations)
# ensembleTE_MeanAndVariance.varience: <(TE -<TE>)^2> : variance of TE over the ensemble generated in the MCMC for a mini-batch
# allEnsembleTE_MeanAndVariance.varience: <(TE -<TE>)^2>_m: variance of TE over multiple minibatch ensembles generated in the MCMC for a full-batch
#
# The second line should be used;
#   The large variances for randomized sequences result from the variation of amino acid frequencies among native sequences.
#
# TE is calculated in the Ising gauge for comparison.
#
# For <TE>_m and <(TE -<TE>)^2>_m, 97 minibatch ensembles are employed for averaging.
#
# step	L=48	(all randomized sample mean - all randomized sample variance/L)  TE_/L  <TE>/L	all randomized sample mean	all randomized sample variance/L  TE sample variance/L  <(TE-<TE>)^2>/L
0	-4.752376 -3.099716 -3.082534			-0.186873	4.565503 2.010941 1.063561         	A
# step	L=48	(random sample mean - random sample variance)/L  TE_all/L  <TE>/L  <TE>_m/L	random sample mean	random sample variance/L  TE all sample variance/ L  <(TE-<TE>)^2>/L  <(TE-<TE>)^2>_m/L ; <...>_m over max 97 minibatch ensembles
0	-4.632672 -3.083561 -3.082534 -3.082534		-0.185201	4.447472 2.002280 1.063561 1.063561	B
67	-4.774635 -3.113247 -3.089949			-0.183651	4.590985 1.695791 1.041494         	A
67	-4.623914 -3.100043 -3.089949 -3.062723		-0.185647	4.438267 1.938120 1.041494 1.076055	B
135	-4.874656 -3.160269 -3.085051			-0.186046	4.688610 2.242138 1.014338         	A
135	-4.606098 -3.144423 -3.085051 -3.047205		-0.186845	4.419254 1.899205 1.014338 1.127684	B
203	-4.926358 -3.206223 -3.042981			-0.194365	4.731993 2.427009 1.570981         	A
203	-4.589694 -3.192374 -3.042981 -3.053551		-0.187679	4.402015 2.027547 1.570981 1.292379	B
271	-5.104616 -3.223854 -3.091771			-0.196027	4.908589 2.217872 1.456307         	A
271	-4.567962 -3.234836 -3.091771 -3.083005		-0.187675	4.380287 2.156300 1.456307 1.486552	B
339	-5.109412 -3.256021 -3.156500			-0.190601	4.918811 2.614649 1.805544         	A
339	-4.543409 -3.270724 -3.156500 -3.119467		-0.187157	4.356252 2.241061 1.805544 1.655430	B
407	-5.044485 -3.319170 -3.157676			-0.189113	4.855372 2.766691 1.723896         	A
407	-4.516032 -3.302921 -3.157676 -3.147778		-0.186055	4.329977 2.326059 1.723896 1.731250	B
475	-5.068995 -3.307218 -3.198827			-0.192583	4.876412 2.213788 2.192914         	A
475	-4.490693 -3.330580 -3.198827 -3.173494		-0.185217	4.305476 2.397162 2.192914 1.840804	B
543	-5.054660 -3.357184 -3.204594			-0.191669	4.862991 2.068587 1.920603         	A
543	-4.465621 -3.355572 -3.204594 -3.195072		-0.183967	4.281655 2.436345 1.920603 1.832617	B
611	-5.154655 -3.408216 -3.259976			-0.193077	4.961578 2.751094 2.243111         	A
611	-4.440456 -3.380178 -3.259976 -3.214275		-0.182489	4.257966 2.497901 2.243111 1.951919	B
679	-5.211963 -3.403512 -3.210660			-0.188819	5.023144 2.609138 1.605659         	A
679	-4.413220 -3.400468 -3.210660 -3.235979		-0.180518	4.232702 2.521960 1.605659 1.959026	B
747	-5.051363 -3.410576 -3.274585			-0.190093	4.861270 2.317097 2.057685         	A
747	-4.388772 -3.418894 -3.274585 -3.250268		-0.179466	4.209306 2.589440 2.057685 1.975485	B
815	-4.879473 -3.465928 -3.237024			-0.190934	4.688539 2.194086 2.112053         	A
815	-4.368811 -3.442864 -3.237024 -3.267041		-0.177884	4.190927 2.618811 2.112053 2.095262	B
883	-5.087182 -3.459793 -3.296270			-0.186228	4.900954 2.757086 2.040463         	A
883	-4.346681 -3.459528 -3.296270 -3.281136		-0.176441	4.170240 2.687844 2.040463 2.079882	B
951	-5.049123 -3.480758 -3.336320			-0.190022	4.859101 2.651031 2.362268         	A
951	-4.329578 -3.478302 -3.336320 -3.297986		-0.175349	4.154230 2.716277 2.362268 2.150675	B
1019	-4.949094 -3.504701 -3.320103			-0.190883	4.758210 1.817501 2.057342         	A
1019	-4.306464 -3.495732 -3.320103 -3.312049		-0.173576	4.132888 2.740176 2.057342 2.160133	B
1087	-4.998821 -3.519221 -3.365905			-0.184637	4.814184 2.546251 2.347876         	A
1087	-4.286012 -3.510243 -3.365905 -3.326744		-0.172164	4.113848 2.741936 2.347876 2.165540	B
1155	-4.882094 -3.513357 -3.357564			-0.184549	4.697545 2.628643 2.329736         	A
1155	-4.266779 -3.524219 -3.357564 -3.339544		-0.171169	4.095609 2.779709 2.329736 2.198077	B
1223	-4.867177 -3.564092 -3.379926			-0.187318	4.679858 2.331353 2.740778         	A
1223	-4.249653 -3.540922 -3.379926 -3.355147		-0.169659	4.079994 2.813512 2.740778 2.225873	B
1291	-4.939022 -3.545023 -3.383533			-0.183897	4.755125 2.734434 2.539857         	A
1291	-4.229306 -3.555058 -3.383533 -3.366739		-0.167929	4.061377 2.841635 2.539857 2.228811	B
1359	-4.866803 -3.553268 -3.375381			-0.187967	4.678836 3.311302 2.016377         	A
1359	-4.206903 -3.567379 -3.375381 -3.377542		-0.167309	4.039595 2.906242 2.016377 2.313066	B
1427	-4.729541 -3.572938 -3.398559			-0.184379	4.545162 3.409543 2.327498         	A
1427	-4.184751 -3.576457 -3.398559 -3.384255		-0.165805	4.018946 2.856388 2.327498 2.191163	B
1495	-4.817935 -3.563767 -3.410802			-0.179377	4.638558 2.884787 2.703672         	A
1495	-4.164085 -3.588541 -3.410802 -3.393722		-0.164609	3.999476 2.926365 2.703672 2.209865	B
1563	-4.868137 -3.613664 -3.432404			-0.182573	4.685563 2.611375 2.539700         	A
1563	-4.146758 -3.599322 -3.432404 -3.404466		-0.163176	3.983582 2.924767 2.539700 2.223632	B
1631	-4.835991 -3.607854 -3.443065			-0.180765	4.655226 2.953030 2.005170         	A
1631	-4.131096 -3.611349 -3.443065 -3.413317		-0.162237	3.968859 2.979422 2.005170 2.301443	B
1699	-4.836491 -3.580654 -3.407932			-0.180169	4.656322 3.765123 2.898907         	A
1699	-4.110901 -3.615750 -3.407932 -3.421199		-0.160907	3.949995 2.944021 2.898907 2.204558	B
1767	-4.779030 -3.635587 -3.466319			-0.179591	4.599439 2.663281 2.197868         	A
1767	-4.094871 -3.624249 -3.466319 -3.429558		-0.159610	3.935260 2.974433 2.197868 2.249512	B
1835	-4.824548 -3.643982 -3.444659			-0.181581	4.642968 2.903933 2.190991         	A
1835	-4.082520 -3.634293 -3.444659 -3.437168		-0.159005	3.923514 2.970218 2.190991 2.277551	B
# New optimizer= Adam  betaV= 0.999000  betaM= 0.900000  maxLR= 0.00300000  maxLREpochs= 1736.00  stepOffset= 1836  Total minLearningSteps= 3672  minLearningStepsForBestKL= 5712 ;  The step number for new gradientDescentMethod are virtually reset to 0.
1903	-4.761492 -3.606863 -3.443731			-0.179092	4.582399 3.024469 2.082128         	A
1903	-4.070075 -3.624311 -3.443731 -3.413775		-0.155609	3.914466 2.896818 2.082128 2.276231	B
1971	-4.739007 -3.626489 -3.425632			-0.178194	4.560813 3.089457 3.129373         	A
1971	-4.020090 -3.651937 -3.425632 -3.396149		-0.155627	3.864463 2.873429 3.129373 2.485719	B
2039	-4.860532 -3.678216 -3.455711			-0.176650	4.683882 3.310263 2.796507         	A
2039	-3.951089 -3.679821 -3.455711 -3.407059		-0.153337	3.797753 2.927957 2.796507 2.630161	B
2107	-4.793257 -3.709151 -3.443865			-0.178095	4.615162 2.844449 2.215420         	A
2107	-3.898748 -3.710328 -3.443865 -3.433875		-0.153652	3.745096 2.894967 2.215420 2.599618	B
2175	-4.683058 -3.745160 -3.513549			-0.181042	4.502017 2.722336 2.308647         	A
2175	-3.871466 -3.742037 -3.513549 -3.463712		-0.153498	3.717968 2.859584 2.308647 2.588385	B
2243	-4.738703 -3.760210 -3.568253			-0.178958	4.559745 2.625078 1.927826         	A
2243	-3.839157 -3.772221 -3.568253 -3.492491		-0.155629	3.683529 2.847388 1.927826 2.533365	B
2311	-4.663977 -3.784134 -3.572129			-0.183393	4.480584 3.211715 2.016951         	A
2311	-3.815375 -3.797835 -3.572129 -3.522842		-0.159061	3.656315 2.836729 2.016951 2.519238	B
2379	-4.735497 -3.793015 -3.590409			-0.184572	4.550925 3.054039 2.288143         	A
2379	-3.810389 -3.818900 -3.590409 -3.544574		-0.160958	3.649431 2.844832 2.288143 2.507437	B
2447	-4.724489 -3.830107 -3.647289			-0.188681	4.535808 3.130977 2.818830         	A
2447	-3.787756 -3.840377 -3.647289 -3.568682		-0.163675	3.624081 2.830354 2.818830 2.512652	B
2515	-4.769182 -3.836336 -3.637799			-0.190993	4.578189 2.934933 2.456988         	A
2515	-3.800146 -3.862165 -3.637799 -3.590431		-0.165320	3.634826 2.791148 2.456988 2.485261	B
2583	-4.735003 -3.892667 -3.638644			-0.192029	4.542974 3.151991 2.121995         	A
2583	-3.791775 -3.876545 -3.638644 -3.611074		-0.166075	3.625699 2.757950 2.121995 2.398479	B
2651	-4.629551 -3.888468 -3.703286			-0.192285	4.437266 2.566444 2.198012         	A
2651	-3.791522 -3.893823 -3.703286 -3.626043		-0.168573	3.622949 2.780785 2.198012 2.506396	B
2719	-4.703653 -3.885390 -3.678704			-0.196358	4.507295 2.851928 2.573541         	A
2719	-3.783485 -3.906213 -3.678704 -3.642420		-0.168999	3.614486 2.749696 2.573541 2.468583	B
2787	-4.715421 -3.947880 -3.700340			-0.193975	4.521445 2.655737 2.843812         	A
2787	-3.784229 -3.916271 -3.700340 -3.653113		-0.168794	3.615435 2.781546 2.843812 2.489689	B
2855	-4.746353 -3.946816 -3.737005			-0.196066	4.550287 2.396768 2.835182         	A
2855	-3.780651 -3.931344 -3.737005 -3.671202		-0.170234	3.610418 2.813310 2.835182 2.536601	B
2923	-4.686943 -3.942786 -3.704040			-0.195282	4.491662 2.459560 1.795782         	A
2923	-3.805244 -3.941165 -3.704040 -3.682753		-0.170411	3.634833 2.737215 1.795782 2.449406	B
2991	-4.747437 -3.935571 -3.731186			-0.198254	4.549183 2.090688 1.994315         	A
2991	-3.822207 -3.953553 -3.731186 -3.694817		-0.170373	3.651834 2.705697 1.994315 2.458831	B
3059	-4.749525 -3.926464 -3.776305			-0.198569	4.550956 2.496474 2.162312         	A
3059	-3.830275 -3.965589 -3.776305 -3.707660		-0.171690	3.658585 2.703086 2.162312 2.473803	B
3127	-4.815030 -3.949900 -3.767012			-0.198072	4.616958 3.383228 2.456233         	A
3127	-3.843078 -3.975203 -3.767012 -3.717164		-0.172945	3.670134 2.701068 2.456233 2.476052	B
3195	-4.867274 -4.019131 -3.796089			-0.201442	4.665832 2.528046 2.373693         	A
3195	-3.854181 -3.985055 -3.796089 -3.731957		-0.174278	3.679903 2.713306 2.373693 2.477850	B
3263	-4.901767 -4.035071 -3.821825			-0.198882	4.702885 3.232387 2.426700         	A
3263	-3.875673 -4.002739 -3.821825 -3.750142		-0.175141	3.700532 2.769159 2.426700 2.543074	B
3331	-4.851787 -4.018043 -3.804290			-0.202624	4.649163 2.967465 2.439024         	A
3331	-3.882619 -4.006958 -3.804290 -3.753134		-0.174895	3.707724 2.716675 2.439024 2.411823	B
3399	-4.799779 -3.999912 -3.770701			-0.203313	4.596466 2.657812 2.286182         	A
3399	-3.901793 -4.022280 -3.770701 -3.770108		-0.175652	3.726140 2.695449 2.286182 2.430284	B
3467	-4.846228 -4.048946 -3.847442			-0.206116	4.640112 2.985341 2.799203         	A
3467	-3.920813 -4.034329 -3.847442 -3.780908		-0.176538	3.744276 2.723015 2.799203 2.500753	B
3535	-4.897471 -4.040266 -3.850429			-0.207144	4.690327 2.481616 2.076860         	A
3535	-3.953582 -4.044147 -3.850429 -3.795481		-0.176299	3.777284 2.698512 2.076860 2.450105	B
3603	-4.993472 -4.063298 -3.844542			-0.205190	4.788281 2.698584 1.460745         	A
3603	-3.977232 -4.054475 -3.844542 -3.801801		-0.176794	3.800438 2.650948 1.460745 2.343700	B
3671	-4.991327 -4.073023 -3.876281			-0.206254	4.785073 2.416174 2.060535         	A
3671	-3.994502 -4.063168 -3.876281 -3.813345		-0.178566	3.815936 2.648958 2.060535 2.413449	B
3739	-4.948247 -4.034797 -3.832569			-0.205437	4.742811 2.473790 1.992112         	A
3739	-3.990060 -4.065248 -3.832569 -3.823322		-0.178910	3.811150 2.652208 1.992112 2.359213	B
3807	-4.979642 -4.080840 -3.890952			-0.206961	4.772681 2.506753 1.891628         	A
3807	-4.005441 -4.073224 -3.890952 -3.835903		-0.177145	3.828295 2.655901 1.891628 2.333362	B
3875	-4.982644 -4.057737 -3.864641			-0.206545	4.776098 2.724775 2.372530         	A
3875	-4.009654 -4.077952 -3.864641 -3.843568		-0.177338	3.832316 2.689454 2.372530 2.364246	B
3943	-5.009600 -4.096298 -3.885326			-0.209850	4.799750 3.088973 2.873069         	A
3943	-4.019708 -4.082159 -3.885326 -3.851415		-0.179707	3.840001 2.715457 2.873069 2.410930	B
4011	-5.032345 -4.080681 -3.860299			-0.213278	4.819067 2.435253 2.174165         	A
4011	-4.033596 -4.086615 -3.860299 -3.860399		-0.180542	3.853055 2.695179 2.174165 2.449207	B
4079	-4.949746 -4.070864 -3.912188			-0.207087	4.742659 3.697693 2.130876         	A
4079	-4.033240 -4.089384 -3.912188 -3.867778		-0.179487	3.853753 2.665363 2.130876 2.403994	B
4147	-4.931847 -4.106750 -3.914162			-0.207240	4.724607 2.158275 2.264555         	A
4147	-4.035016 -4.090570 -3.914162 -3.868763		-0.178830	3.856186 2.652173 2.264555 2.301930	B
4215	-4.966563 -4.083633 -3.890594			-0.207356	4.759207 2.837009 2.062555         	A
4215	-4.039679 -4.091938 -3.890594 -3.871166		-0.178143	3.861536 2.617680 2.062555 2.282869	B
4283	-4.934776 -4.073907 -3.888090			-0.205501	4.729275 2.977690 2.093150         	A
4283	-4.047579 -4.096065 -3.888090 -3.874164		-0.177464	3.870114 2.594845 2.093150 2.284755	B
4351	-4.960078 -4.098296 -3.916559			-0.209894	4.750184 1.907882 1.811150         	A
4351	-4.053965 -4.098952 -3.916559 -3.875353		-0.177702	3.876263 2.593198 1.811150 2.314254	B
4419	-4.904472 -4.123185 -3.886031			-0.208825	4.695647 2.878139 1.755016         	A
4419	-4.046525 -4.096599 -3.886031 -3.878744		-0.178178	3.868347 2.586616 1.755016 2.262278	B
4487	-5.050648 -4.123115 -3.898361			-0.207488	4.843160 2.647199 2.399321         	A
4487	-4.045847 -4.096740 -3.898361 -3.877550		-0.178868	3.866979 2.598610 2.399321 2.266196	B
4555	-4.981180 -4.072083 -3.885557			-0.209039	4.772142 2.632908 2.082951         	A
4555	-4.048069 -4.097183 -3.885557 -3.878126		-0.179379	3.868691 2.592768 2.082951 2.275150	B
4623	-4.959686 -4.133452 -3.899032			-0.209893	4.749793 2.537605 1.876776         	A
4623	-4.052722 -4.099850 -3.899032 -3.881684		-0.179580	3.873142 2.595271 1.876776 2.284075	B
4691	-4.926297 -4.098451 -3.899821			-0.203594	4.722704 2.949360 2.180492         	A
4691	-4.055964 -4.101527 -3.899821 -3.886189		-0.179185	3.876779 2.586349 2.180492 2.271015	B
4759	-4.985342 -4.062790 -3.887900			-0.205547	4.779795 3.293176 2.513946         	A
4759	-4.058382 -4.102783 -3.887900 -3.885660		-0.178888	3.879494 2.581977 2.513946 2.244447	B
4827	-4.869735 -4.113800 -3.933340			-0.203467	4.666268 2.667780 2.086544         	A
4827	-4.063071 -4.103501 -3.933340 -3.888731		-0.178250	3.884822 2.578070 2.086544 2.246165	B
4895	-5.044560 -4.095974 -3.931372			-0.207188	4.837371 2.532293 2.870005         	A
4895	-4.063068 -4.104898 -3.931372 -3.888292		-0.178505	3.884563 2.592330 2.870005 2.240860	B
4963	-5.072074 -4.088688 -3.889049			-0.204333	4.867741 2.845012 1.992788         	A
4963	-4.069973 -4.107557 -3.889049 -3.890065		-0.178028	3.891945 2.569581 1.992788 2.219625	B
5031	-5.067822 -4.073563 -3.898333			-0.206069	4.861754 2.623214 2.149730         	A
5031	-4.070733 -4.108338 -3.898333 -3.888711		-0.177979	3.892754 2.583323 2.149730 2.230431	B
5099	-4.903076 -4.129180 -3.860261			-0.207067	4.696009 2.188583 2.519660         	A
5099	-4.068671 -4.107907 -3.860261 -3.887231		-0.177808	3.890863 2.604359 2.519660 2.239546	B
5167	-5.040128 -4.110401 -3.901401			-0.209841	4.830287 2.635701 2.311002         	A
5167	-4.069038 -4.107744 -3.901401 -3.891279		-0.177482	3.891556 2.604044 2.311002 2.253156	B
5235	-5.043413 -4.085405 -3.914066			-0.205372	4.838042 2.043494 1.465562         	A
5235	-4.071297 -4.109177 -3.914066 -3.894264		-0.177744	3.893552 2.607058 1.465562 2.271038	B
5303	-5.098520 -4.112424 -3.888350			-0.208653	4.889866 2.214886 2.132340         	A
5303	-4.074895 -4.110008 -3.888350 -3.892982		-0.178094	3.896801 2.608422 2.132340 2.282723	B
5371	-5.037596 -4.086750 -3.935715			-0.205371	4.832225 2.763638 2.174977         	A
5371	-4.075100 -4.110470 -3.935715 -3.894055		-0.178360	3.896740 2.609051 2.174977 2.287891	B
5439	-5.051051 -4.130316 -3.914843			-0.206603	4.844449 2.772192 3.516668         	A
5439	-4.072199 -4.109981 -3.914843 -3.896818		-0.178271	3.893928 2.629221 3.516668 2.293482	B
5507	-4.935754 -4.097000 -3.909529			-0.207670	4.728084 2.790652 1.930446         	A
5507	-4.071911 -4.110791 -3.909529 -3.896354		-0.177761	3.894150 2.611646 1.930446 2.318558	B
5575	-5.042308 -4.100479 -3.885629			-0.205550	4.836758 2.531923 2.351108         	A
5575	-4.071157 -4.111764 -3.885629 -3.897884		-0.177877	3.893280 2.606619 2.351108 2.266351	B
5643	-5.150401 -4.117948 -3.890143			-0.206004	4.944397 2.995504 3.044289         	A
5643	-4.077907 -4.113561 -3.890143 -3.897586		-0.177412	3.900494 2.591896 3.044289 2.252765	B
5711	-5.003715 -4.108629 -3.942524			-0.205975	4.797740 2.664193 2.597864         	A
5711	-4.081718 -4.112562 -3.942524 -3.895757		-0.177328	3.904390 2.593172 2.597864 2.311208	B
5779	-4.982017 -4.142476 -3.940264			-0.203946	4.778071 2.367103 2.247845         	A
5779	-4.082876 -4.112522 -3.940264 -3.897995		-0.177271	3.905605 2.578156 2.247845 2.321877	B
5847	-5.019050 -4.168745 -3.900374			-0.209406	4.809644 2.201432 2.329254         	A
5847	-4.086404 -4.113141 -3.900374 -3.899383		-0.177541	3.908863 2.563340 2.329254 2.243596	B
5915	-5.028609 -4.099582 -3.911980			-0.207020	4.821589 2.834884 2.242371         	A
5915	-4.088953 -4.114658 -3.911980 -3.900402		-0.177868	3.911085 2.560422 2.242371 2.232942	B
5983	-4.946900 -4.139313 -3.919154			-0.208767	4.738133 2.840439 1.972418         	A
5983	-4.092211 -4.116401 -3.919154 -3.903680		-0.178131	3.914079 2.555933 1.972418 2.219153	B
6051	-4.982325 -4.118088 -3.917899			-0.201332	4.780993 2.625155 1.573350         	A
6051	-4.092724 -4.116849 -3.917899 -3.904302		-0.177763	3.914961 2.557260 1.573350 2.221631	B
6119	-5.017839 -4.119961 -3.932938			-0.210439	4.807400 2.757793 1.746576         	A
6119	-4.096376 -4.119207 -3.932938 -3.904824		-0.178371	3.918005 2.564641 1.746576 2.209594	B
6187	-4.954867 -4.083528 -3.918274			-0.204761	4.750106 2.222299 2.573386         	A
6187	-4.098141 -4.120034 -3.918274 -3.906215		-0.178252	3.919889 2.557758 2.573386 2.187191	B
