# miniBatchSize= 7007  fullBatchSize= 7007  nSamples/MC= 1
# pseudoNCountsForProposedPia/KL/BM/hia= 10.0 / 1.0 / 0.0 / 10.0}
# nInitialIterationsPerUnit= 0  everyNIterationsPerUnit= 100  maxExtendedIterations= 1
# Interactions (hia, Jijab) are the same for all steps; read from log_Interactions_hJ_6187.txt.gz
#
# TE is calculated in the Ising gauge for comparison.
#
# For <TE>_m and <(TE -<TE>)^2>_m, 1 minibatch ensembles are employed for averaging.
#
1	-4.846339 -4.120034 -3.932024			-0.210091	4.636248 2.557758 2.320412         	A
1	-4.098141 -4.120034 -3.932024 -3.932024		-0.178252	3.919889 2.557758 2.320412 2.320412	B
2	-4.872141 -4.120034 -3.934104			-0.208414	4.663727 2.557758 2.339831         	A
2	-4.098141 -4.120034 -3.934104 -3.934104		-0.178252	3.919889 2.557758 2.339831 2.339831	B
3	-4.955297 -4.120034 -3.930266			-0.202966	4.752330 2.557758 2.301247         	A
3	-4.098141 -4.120034 -3.930266 -3.930266		-0.178252	3.919889 2.557758 2.301247 2.301247	B
4	-5.087268 -4.120034 -3.928816			-0.203694	4.883574 2.557758 2.330043         	A
4	-4.098141 -4.120034 -3.928816 -3.928816		-0.178252	3.919889 2.557758 2.330043 2.330043	B
5	-4.885385 -4.120034 -3.927984			-0.202410	4.682975 2.557758 2.370815         	A
5	-4.098141 -4.120034 -3.927984 -3.927984		-0.178252	3.919889 2.557758 2.370815 2.370815	B
6	-4.943489 -4.120034 -3.930117			-0.205657	4.737831 2.557758 2.312058         	A
6	-4.098141 -4.120034 -3.930117 -3.930117		-0.178252	3.919889 2.557758 2.312058 2.312058	B
7	-4.998140 -4.120034 -3.931233			-0.207403	4.790737 2.557758 2.295636         	A
7	-4.098141 -4.120034 -3.931233 -3.931233		-0.178252	3.919889 2.557758 2.295636 2.295636	B
8	-4.936786 -4.120034 -3.928967			-0.206213	4.730573 2.557758 2.319066         	A
8	-4.098141 -4.120034 -3.928967 -3.928967		-0.178252	3.919889 2.557758 2.319066 2.319066	B
9	-4.855373 -4.120034 -3.928372			-0.206952	4.648422 2.557758 2.380942         	A
9	-4.098141 -4.120034 -3.928372 -3.928372		-0.178252	3.919889 2.557758 2.380942 2.380942	B
10	-4.780166 -4.120034 -3.932819			-0.207025	4.573141 2.557758 2.323608         	A
10	-4.098141 -4.120034 -3.932819 -3.932819		-0.178252	3.919889 2.557758 2.323608 2.323608	B
